ID	Hd
10	0.2
10	0.644
10	0.667
10	0.533
10	0.778
10	0.2
10	0.2
10	0.2
10	0.378
10	0.533
10	0.2
10	0.533
10	0.378
10	0.511
10	0.378
10	0.2
10	0.378
10	0.533
10	0.378
10	0.2
10	0.533
10	0.2
10	0.533
10	0.2
10	0.6
10	0.511
10	0.644
10	0.378
10	0.511
10	0.378
10	0.378
10	0
10	0.2
10	0.2
10	0.533
10	0.378
10	0.644
10	0.2
10	0.356
10	0.356
10	0.378
10	0.511
10	0.644
10	0.511
10	0.356
10	0.2
10	0.6
10	0.2
10	0.2
10	0.644
10	0.511
10	0.467
10	0.378
10	0.2
10	0.533
10	0.2
10	0.378
10	0.2
10	0.2
10	0.378
10	0.378
10	0.378
10	0.2
10	0.378
10	0
10	0.533
10	0.2
10	0.778
10	0.356
10	0.644
10	0.2
10	0.622
10	0.378
10	0.2
10	0.378
10	0.533
10	0.378
10	0.2
10	0.511
10	0.378
10	0.778
10	0.533
10	0.378
10	0.2
10	0.667
10	0.533
10	0.356
10	0.2
10	0.378
10	0.533
10	0.378
10	0.378
10	0.533
10	0.511
10	0.644
10	0.356
10	0.667
10	0.533
10	0.378
10	0.511
10	0.733
10	0
10	0.533
10	0.378
10	0.2
10	0
10	0.533
10	0.2
10	0.378
10	0.2
10	0
10	0
10	0.2
10	0.2
10	0.511
10	0.378
10	0
10	0.533
10	0.644
10	0.378
10	0.2
10	0.2
10	0.667
10	0.667
10	0.378
10	0.2
10	0.511
10	0.2
10	0.533
10	0.378
10	0.644
10	0.511
10	0
10	0.2
10	0.2
10	0.378
10	0.667
10	0.533
10	0
10	0.378
10	0.2
10	0.2
10	0
10	0.378
10	0.378
10	0.356
10	0.2
10	0.511
10	0.2
10	0
10	0.689
10	0.378
10	0.667
10	0.2
10	0.2
10	0
10	0.2
10	0
10	0.533
10	0
10	0.2
10	0.511
10	0.378
10	0.2
10	0.356
10	0.378
10	0.2
10	0.378
10	0.356
10	0.6
10	0.2
10	0.378
10	0.378
10	0.2
10	0.533
10	0.533
10	0.2
10	0.2
10	0.378
10	0.2
10	0.378
10	0.378
10	0.533
10	0.2
10	0
10	0.667
10	0.378
10	0.533
10	0.2
10	0.2
10	0.667
10	0.2
10	0.2
10	0.533
10	0.533
10	0.533
10	0
10	0.378
10	0
10	0.378
10	0.511
10	0
10	0
10	0.533
10	0.2
10	0.378
10	0.533
10	0.378
10	0.2
10	0.2
10	0.378
10	0.2
10	0.533
10	0.511
10	0.756
10	0.2
10	0.356
10	0.378
10	0.2
10	0.667
10	0.2
10	0.356
10	0.511
10	0.2
10	0
10	0.378
10	0.533
10	0.378
10	0.511
10	0.378
10	0.667
10	0.378
10	0
10	0
10	0.756
10	0.511
10	0.533
10	0.356
10	0.2
10	0.378
10	0
10	0.378
10	0.667
10	0.378
10	0.378
10	0.378
10	0.533
10	0.2
10	0.356
10	0
10	0.378
10	0.511
10	0.2
10	0.2
10	0.378
10	0.2
10	0.533
10	0.378
10	0.533
10	0.2
10	0
10	0.467
10	0.378
10	0.533
10	0.2
10	0.667
10	0.378
10	0.511
10	0.356
10	0.511
10	0
10	0.2
10	0.378
10	0.378
10	0.2
10	0.711
10	0.2
10	0
10	0.756
10	0.533
10	0
10	0.533
10	0.378
10	0.378
10	0.356
10	0.533
10	0.511
10	0.356
10	0.2
10	0.2
10	0.2
10	0
10	0
10	0.378
10	0.356
10	0.2
10	0.378
10	0.533
10	0
10	0.667
10	0.2
10	0
10	0.756
10	0.378
10	0.2
10	0.533
10	0.378
10	0.2
10	0.644
10	0.533
10	0
10	0.378
10	0.378
10	0.378
10	0.378
10	0.2
10	0.511
10	0.2
10	0.2
10	0.378
10	0.2
10	0.378
10	0
10	0.2
10	0.378
10	0.644
10	0.667
10	0.511
10	0.378
10	0
10	0.378
10	0
10	0.378
10	0.533
10	0.667
10	0.2
10	0.667
10	0.2
10	0
10	0.711
10	0.2
10	0.2
10	0
10	0.2
10	0.2
10	0.778
10	0.533
10	0.378
10	0.533
10	0.533
10	0.2
10	0.533
10	0.511
10	0.378
10	0.2
10	0.533
10	0.533
10	0
10	0.378
10	0.644
10	0.533
10	0.378
10	0.378
10	0.2
10	0.378
10	0.378
10	0.667
10	0
10	0
10	0
10	0.533
10	0.378
10	0.378
10	0.378
10	0.533
10	0.378
10	0.378
10	0.667
10	0
10	0.667
10	0
10	0
10	0.667
10	0.378
10	0
10	0.378
10	0.2
10	0.467
10	0.2
10	0.2
10	0.378
10	0.667
10	0.378
10	0.511
10	0.511
10	0.2
10	0.378
10	0.356
10	0.733
10	0.2
10	0.2
10	0.2
10	0.2
10	0.2
10	0.378
10	0.378
10	0.378
10	0.2
10	0
10	0.511
10	0.378
10	0.511
10	0.533
10	0.644
10	0.378
10	0
10	0.2
10	0.533
10	0
10	0.644
10	0.2
10	0.533
10	0.378
10	0
10	0
10	0.2
10	0.378
10	0.511
10	0.2
10	0.2
10	0
10	0.2
10	0.2
10	0.2
10	0.511
10	0.511
10	0
10	0.533
10	0.533
10	0.356
10	0.2
10	0.533
10	0.2
10	0.356
10	0.378
10	0.2
10	0.533
10	0.6
10	0
10	0.378
10	0.2
10	0.533
10	0.2
10	0.378
10	0.2
10	0.2
10	0.511
10	0.2
10	0.667
10	0.2
10	0.378
10	0.778
10	0.378
10	0.2
10	0.533
10	0.2
10	0.667
10	0
10	0
10	0.2
10	0.2
10	0.667
10	0.533
10	0.2
10	0.378
10	0.378
10	0.533
10	0.378
10	0.2
10	0.511
10	0.378
10	0.2
10	0.2
10	0.2
10	0.378
10	0.2
10	0.756
10	0.2
10	0.356
10	0.2
10	0.2
10	0.533
10	0.667
10	0.667
10	0.378
10	0
10	0.533
10	0.533
10	0.2
10	0.644
20	0.516
20	0.447
20	0.279
20	0.442
20	0.195
20	0.189
20	0.437
20	0.516
20	0.632
20	0.368
20	0.442
20	0.632
20	0.195
20	0.1
20	0.1
20	0.432
20	0.442
20	0.442
20	0.195
20	0.368
20	0.368
20	0.284
20	0.284
20	0.284
20	0.1
20	0.1
20	0.368
20	0.584
20	0.442
20	0.195
20	0.284
20	0.279
20	0.516
20	0.279
20	0.284
20	0.195
20	0.363
20	0.1
20	0.368
20	0.589
20	0.368
20	0.442
20	0.521
20	0.368
20	0.363
20	0.363
20	0.284
20	0.521
20	0.442
20	0.521
20	0.447
20	0.284
20	0.189
20	0.516
20	0.368
20	0.368
20	0.516
20	0.195
20	0.363
20	0.574
20	0.505
20	0.363
20	0.447
20	0.195
20	0.279
20	0.284
20	0.284
20	0.368
20	0.447
20	0.1
20	0.363
20	0.195
20	0.363
20	0.505
20	0.1
20	0.363
20	0.447
20	0.363
20	0.195
20	0.574
20	0.195
20	0.363
20	0.579
20	0.447
20	0.368
20	0.447
20	0.442
20	0.516
20	0.368
20	0.442
20	0.363
20	0.279
20	0.368
20	0.279
20	0.1
20	0
20	0.284
20	0.195
20	0.284
20	0.363
20	0.195
20	0.363
20	0.368
20	0.447
20	0.363
20	0.1
20	0.447
20	0.442
20	0.279
20	0.279
20	0.442
20	0.511
20	0.284
20	0.189
20	0.195
20	0.437
20	0.568
20	0.284
20	0.284
20	0.189
20	0.195
20	0.484
20	0.195
20	0.511
20	0.353
20	0.363
20	0.584
20	0.195
20	0.363
20	0.521
20	0.647
20	0.284
20	0.368
20	0.442
20	0
20	0.195
20	0.574
20	0.284
20	0.437
20	0.284
20	0
20	0.1
20	0.442
20	0.584
20	0.195
20	0.632
20	0.195
20	0.368
20	0.368
20	0.284
20	0.195
20	0.368
20	0.442
20	0.284
20	0.442
20	0.368
20	0.505
20	0.584
20	0.368
20	0.579
20	0.284
20	0.284
20	0.437
20	0.584
20	0.1
20	0.1
20	0.516
20	0.363
20	0.284
20	0.521
20	0.368
20	0.284
20	0.1
20	0.195
20	0.447
20	0.447
20	0.195
20	0.442
20	0.442
20	0.284
20	0.284
20	0.353
20	0.195
20	0.521
20	0.284
20	0.189
20	0.195
20	0.368
20	0.447
20	0.363
20	0.195
20	0.642
20	0.568
20	0.489
20	0.442
20	0.447
20	0.284
20	0.1
20	0.1
20	0.279
20	0.363
20	0.363
20	0.368
20	0.195
20	0.195
20	0.284
20	0.284
20	0.195
20	0.353
20	0.279
20	0.363
20	0.368
20	0.442
20	0.511
20	0.516
20	0.368
20	0.505
20	0.284
20	0.363
20	0.195
20	0.284
20	0.195
20	0.279
20	0.521
20	0.279
20	0.5
20	0.511
20	0.195
20	0.442
20	0.279
20	0.358
20	0.284
20	0.1
20	0.279
20	0.516
20	0.574
20	0.521
20	0.632
20	0.447
20	0.447
20	0.284
20	0.516
20	0.447
20	0.195
20	0.368
20	0.442
20	0.363
20	0.363
20	0.284
20	0.447
20	0.368
20	0.284
20	0.279
20	0.368
20	0.447
20	0.279
20	0.368
20	0.516
20	0.363
20	0.442
20	0.442
20	0.363
20	0.579
20	0.1
20	0.189
20	0.368
20	0.1
20	0.368
20	0.353
20	0.368
20	0.363
20	0.279
20	0.1
20	0.1
20	0.516
20	0.284
20	0.368
20	0.516
20	0.368
20	0.279
20	0.447
20	0.442
20	0.432
20	0.579
20	0.516
20	0.363
20	0.442
20	0.711
20	0.511
20	0.521
20	0.442
20	0.368
20	0.284
20	0.284
20	0.447
20	0.437
20	0.442
20	0.358
20	0.442
20	0.368
20	0.195
20	0.505
20	0.363
20	0.363
20	0.284
20	0.511
20	0.442
20	0.284
20	0.574
20	0.195
20	0.368
20	0.368
20	0.195
20	0.363
20	0.1
20	0.368
20	0
20	0.442
20	0.516
20	0.516
20	0.279
20	0.1
20	0.279
20	0.195
20	0.442
20	0.511
20	0.363
20	0.447
20	0.363
20	0.368
20	0.279
20	0.195
20	0.195
20	0.195
20	0.284
20	0.447
20	0.195
20	0.516
20	0.279
20	0.279
20	0.368
20	0.195
20	0.284
20	0.432
20	0.621
20	0.447
20	0.442
20	0.432
20	0.284
20	0.195
20	0.447
20	0.284
20	0.195
20	0.368
20	0.195
20	0.442
20	0.363
20	0.195
20	0.442
20	0.279
20	0.368
20	0
20	0.284
20	0.432
20	0.284
20	0.195
20	0.363
20	0.574
20	0.195
20	0.489
20	0.284
20	0.368
20	0.363
20	0.368
20	0.195
20	0.363
20	0.195
20	0.511
20	0.279
20	0.284
20	0.279
20	0.363
20	0.521
20	0.516
20	0.447
20	0.195
20	0.1
20	0.195
20	0.284
20	0.447
20	0.368
20	0.1
20	0.442
20	0.647
20	0.279
20	0.442
20	0.284
20	0.516
20	0.511
20	0.195
20	0.195
20	0.568
20	0.447
20	0.279
20	0.521
20	0.195
20	0.1
20	0.368
20	0.363
20	0.195
20	0.442
20	0.679
20	0.432
20	0.195
20	0.442
20	0.284
20	0.516
20	0.1
20	0.284
20	0.489
20	0.284
20	0.511
20	0.442
20	0.284
20	0.195
20	0.195
20	0.279
20	0.516
20	0.284
20	0.363
20	0.195
20	0.363
20	0.195
20	0.521
20	0.568
20	0.442
20	0.284
20	0.363
20	0.284
20	0.579
20	0.584
20	0.505
20	0.511
20	0.368
20	0.284
20	0.368
20	0.574
20	0.195
20	0.358
20	0.437
20	0.195
20	0.195
20	0.511
20	0.189
20	0.284
20	0.447
20	0.442
20	0.447
20	0.195
20	0.437
20	0.195
20	0
20	0.511
20	0.195
20	0.195
20	0.284
20	0.284
20	0.363
20	0.353
20	0.363
20	0.505
20	0.511
20	0.195
20	0.284
20	0.195
20	0.426
20	0.284
20	0.442
20	0.284
20	0.195
20	0.442
20	0.442
20	0.1
20	0.284
20	0.284
20	0.284
20	0.195
20	0.579
20	0.195
20	0.284
20	0.621
20	0.632
20	0.284
20	0.284
20	0.363
20	0.447
20	0.353
20	0.442
20	0.447
20	0.574
30	0.308
30	0.455
30	0.193
30	0.253
30	0.303
30	0.409
30	0.455
30	0.193
30	0.193
30	0.513
30	0.411
30	0.515
30	0.363
30	0.251
30	0.352
30	0.363
30	0.246
30	0.251
30	0.416
30	0.193
30	0.308
30	0.359
30	0.308
30	0.457
30	0.51
30	0.253
30	0.414
30	0.363
30	0.455
30	0.253
30	0.253
30	0.31
30	0.513
30	0.356
30	0.63
30	0.366
30	0.363
30	0.251
30	0.464
30	0.501
30	0.366
30	0.361
30	0.46
30	0.554
30	0.46
30	0.363
30	0.131
30	0.46
30	0.361
30	0.359
30	0.306
30	0.193
30	0.641
30	0.306
30	0.251
30	0.308
30	0.506
30	0.363
30	0.455
30	0.409
30	0.434
30	0.409
30	0.193
30	0.464
30	0.193
30	0.453
30	0.455
30	0.191
30	0.193
30	0.462
30	0.51
30	0.455
30	0.251
30	0.549
30	0.464
30	0.361
30	0.363
30	0.46
30	0.193
30	0.193
30	0.31
30	0.193
30	0.414
30	0.191
30	0.131
30	0.405
30	0.363
30	0.549
30	0.506
30	0.363
30	0.193
30	0.363
30	0.193
30	0.131
30	0.253
30	0.308
30	0.31
30	0.46
30	0.308
30	0.414
30	0.414
30	0.363
30	0.31
30	0.462
30	0.366
30	0.363
30	0.308
30	0.361
30	0.411
30	0.251
30	0.308
30	0.191
30	0.395
30	0.363
30	0.253
30	0.575
30	0.418
30	0.193
30	0.303
30	0.246
30	0.253
30	0.253
30	0.416
30	0.248
30	0.453
30	0.253
30	0.361
30	0.411
30	0.464
30	0.251
30	0.366
30	0.308
30	0.411
30	0.251
30	0.308
30	0.251
30	0.554
30	0.31
30	0.411
30	0.363
30	0.067
30	0
30	0.193
30	0.306
30	0.191
30	0.462
30	0.363
30	0.418
30	0.51
30	0.253
30	0.253
30	0.356
30	0.361
30	0.506
30	0.308
30	0.411
30	0.131
30	0.303
30	0.416
30	0.402
30	0.131
30	0.251
30	0.308
30	0.308
30	0.462
30	0.51
30	0.414
30	0.418
30	0.308
30	0.253
30	0.193
30	0.416
30	0.361
30	0.363
30	0.416
30	0.361
30	0.556
30	0.467
30	0.361
30	0.515
30	0.457
30	0.359
30	0.669
30	0.462
30	0.464
30	0.131
30	0.492
30	0.405
30	0.416
30	0.308
30	0.131
30	0.416
30	0.308
30	0.308
30	0.193
30	0.464
30	0.308
30	0.308
30	0.545
30	0.253
30	0.547
30	0.253
30	0.251
30	0.361
30	0.416
30	0.361
30	0.308
30	0.589
30	0.253
30	0.361
30	0.253
30	0.416
30	0.552
30	0.554
30	0.46
30	0.46
30	0.297
30	0.361
30	0.308
30	0.131
30	0.193
30	0.363
30	0.416
30	0.361
30	0.464
30	0.193
30	0.508
30	0.308
30	0.193
30	0.253
30	0.51
30	0.506
30	0.414
30	0.361
30	0.356
30	0.547
30	0.411
30	0.506
30	0.193
30	0.361
30	0.193
30	0.301
30	0.462
30	0.409
30	0.246
30	0.253
30	0.411
30	0.586
30	0.418
30	0.552
30	0.418
30	0.251
30	0.251
30	0.308
30	0.251
30	0.405
30	0.359
30	0.193
30	0.508
30	0.129
30	0.46
30	0.251
30	0.253
30	0.253
30	0.361
30	0.402
30	0.593
30	0.453
30	0.193
30	0.416
30	0.363
30	0.193
30	0.31
30	0.356
30	0.363
30	0.363
30	0.31
30	0.253
30	0.494
30	0.359
30	0.191
30	0.464
30	0.253
30	0.361
30	0.414
30	0.253
30	0.253
30	0.253
30	0.308
30	0.411
30	0.253
30	0.193
30	0.308
30	0.253
30	0.193
30	0.253
30	0.308
30	0.6
30	0.361
30	0.414
30	0.556
30	0.411
30	0.131
30	0.589
30	0.303
30	0.462
30	0.414
30	0.31
30	0.513
30	0.464
30	0.543
30	0.31
30	0.308
30	0.303
30	0.416
30	0.671
30	0.253
30	0.306
30	0.414
30	0.191
30	0.308
30	0.547
30	0.416
30	0.494
30	0.552
30	0.51
30	0.366
30	0.361
30	0.191
30	0.253
30	0.416
30	0.191
30	0.251
30	0.308
30	0.253
30	0.191
30	0.359
30	0.31
30	0.586
30	0.416
30	0.506
30	0.46
30	0.506
30	0.356
30	0.131
30	0.356
30	0.31
30	0.306
30	0.503
30	0.191
30	0.193
30	0.46
30	0.193
30	0.193
30	0.414
30	0.513
30	0.405
30	0.308
30	0.513
30	0.589
30	0.559
30	0.308
30	0.31
30	0.359
30	0.469
30	0.363
30	0.251
30	0.193
30	0.462
30	0.253
30	0.414
30	0.416
30	0.515
30	0.363
30	0.414
30	0.559
30	0.308
30	0.356
30	0.409
30	0.253
30	0.547
30	0.462
30	0.467
30	0.251
30	0.402
30	0.363
30	0.462
30	0.251
30	0.418
30	0.308
30	0.251
30	0.414
30	0.402
30	0.554
30	0.409
30	0.506
30	0.359
30	0.31
30	0.306
30	0.414
30	0.251
30	0.462
30	0.251
30	0.363
30	0.503
30	0.405
30	0.253
30	0.193
30	0.359
30	0.416
30	0.308
30	0.414
30	0.193
30	0.416
30	0.515
30	0.193
30	0.191
30	0.253
30	0.308
30	0.359
30	0.51
30	0.593
30	0.251
30	0.306
30	0.462
30	0.31
30	0.191
30	0.414
30	0.359
30	0.552
30	0.361
30	0.306
30	0.462
30	0.359
30	0.251
30	0.251
30	0.251
30	0.193
30	0.464
30	0.308
30	0.363
30	0.308
30	0.414
30	0.363
30	0.253
30	0.462
30	0.251
30	0.308
30	0.308
30	0.513
30	0.363
30	0.361
30	0.457
30	0.628
30	0.411
30	0.418
30	0.46
30	0.251
30	0.464
30	0.359
30	0.31
30	0.191
30	0.253
30	0.416
30	0.356
30	0.253
30	0.595
30	0.303
30	0.402
30	0.515
30	0.414
30	0.414
30	0.462
30	0.409
30	0.416
30	0.253
30	0.405
30	0.356
30	0.191
30	0.308
30	0.554
30	0.251
30	0.131
30	0.308
30	0.308
30	0.359
30	0.414
30	0.462
30	0.308
30	0.303
30	0.253
30	0.303
30	0.513
30	0.308
30	0.513
30	0.467
30	0.361
30	0.361
30	0.356
30	0.46
40	0.322
40	0.437
40	0.279
40	0.363
40	0.236
40	0.396
40	0.321
40	0.236
40	0.36
40	0.281
40	0.44
40	0.476
40	0.356
40	0.278
40	0.51
40	0.401
40	0.276
40	0.315
40	0.279
40	0.399
40	0.356
40	0.509
40	0.401
40	0.397
40	0.279
40	0.191
40	0.358
40	0.322
40	0.321
40	0.236
40	0.401
40	0.277
40	0.236
40	0.396
40	0.397
40	0.278
40	0.429
40	0.322
40	0.319
40	0.355
40	0.318
40	0.397
40	0.4
40	0.237
40	0.399
40	0.4
40	0.319
40	0.191
40	0.504
40	0.191
40	0.401
40	0.505
40	0.279
40	0.278
40	0.44
40	0.436
40	0.191
40	0.315
40	0.146
40	0.399
40	0.099
40	0.36
40	0.315
40	0.145
40	0.4
40	0.537
40	0.395
40	0.436
40	0.4
40	0.527
40	0.322
40	0.401
40	0.395
40	0.322
40	0.191
40	0.435
40	0.319
40	0.279
40	0.508
40	0.396
40	0.36
40	0.192
40	0.362
40	0.358
40	0.353
40	0.395
40	0.399
40	0.542
40	0.278
40	0.236
40	0.469
40	0.279
40	0.278
40	0.437
40	0.397
40	0.36
40	0.281
40	0.322
40	0.396
40	0.322
40	0.472
40	0.281
40	0.469
40	0.474
40	0.51
40	0.277
40	0.276
40	0.237
40	0.237
40	0.433
40	0.391
40	0.438
40	0.363
40	0.399
40	0.438
40	0.236
40	0.362
40	0.504
40	0.476
40	0.476
40	0.396
40	0.4
40	0.359
40	0.403
40	0.276
40	0.396
40	0.503
40	0.469
40	0.321
40	0.279
40	0.505
40	0.279
40	0.279
40	0.4
40	0.505
40	0.467
40	0.637
40	0.536
40	0.403
40	0.236
40	0.437
40	0.435
40	0.39
40	0.323
40	0.397
40	0.322
40	0.392
40	0.399
40	0.322
40	0.191
40	0.277
40	0.321
40	0.318
40	0.146
40	0.322
40	0.237
40	0.4
40	0.362
40	0.354
40	0.235
40	0.321
40	0.473
40	0.504
40	0.359
40	0.278
40	0.401
40	0.281
40	0.279
40	0.436
40	0.573
40	0.399
40	0.396
40	0.395
40	0.401
40	0.362
40	0.188
40	0.278
40	0.359
40	0.509
40	0.395
40	0.39
40	0.277
40	0.432
40	0.435
40	0.236
40	0.471
40	0.44
40	0.401
40	0.476
40	0.236
40	0.36
40	0.268
40	0.399
40	0.473
40	0.397
40	0.441
40	0.356
40	0.322
40	0.358
40	0.237
40	0.321
40	0.322
40	0.321
40	0.356
40	0.433
40	0.476
40	0.237
40	0.394
40	0.321
40	0.36
40	0.601
40	0.358
40	0.363
40	0.436
40	0.509
40	0.395
40	0.395
40	0.431
40	0.363
40	0.322
40	0.4
40	0.322
40	0.279
40	0.321
40	0.279
40	0.192
40	0.279
40	0.233
40	0.236
40	0.279
40	0.44
40	0.403
40	0.436
40	0.319
40	0.355
40	0.321
40	0.436
40	0.322
40	0.318
40	0.395
40	0.433
40	0.356
40	0.236
40	0.355
40	0.192
40	0.471
40	0.36
40	0.236
40	0.323
40	0.322
40	0.276
40	0.4
40	0.321
40	0.235
40	0.322
40	0.399
40	0.51
40	0.572
40	0.359
40	0.433
40	0.192
40	0.277
40	0.277
40	0.397
40	0.506
40	0.505
40	0.437
40	0.437
40	0.358
40	0.237
40	0.437
40	0.397
40	0.4
40	0.423
40	0.277
40	0.391
40	0.506
40	0.236
40	0.315
40	0.506
40	0.432
40	0.362
40	0.192
40	0.435
40	0.4
40	0.363
40	0.5
40	0.397
40	0.467
40	0.353
40	0.322
40	0.471
40	0.279
40	0.436
40	0.362
40	0.36
40	0.462
40	0.279
40	0.44
40	0.506
40	0.192
40	0.359
40	0.279
40	0.278
40	0.4
40	0.503
40	0.468
40	0.273
40	0.397
40	0.472
40	0.319
40	0.281
40	0.315
40	0.36
40	0.233
40	0.277
40	0.237
40	0.471
40	0.321
40	0.359
40	0.36
40	0.399
40	0.435
40	0.435
40	0.322
40	0.363
40	0.355
40	0.505
40	0.469
40	0.606
40	0.359
40	0.321
40	0.279
40	0.281
40	0.322
40	0.388
40	0.281
40	0.322
40	0.319
40	0.564
40	0.237
40	0.319
40	0.233
40	0.403
40	0.237
40	0.362
40	0.359
40	0.362
40	0.362
40	0.401
40	0.191
40	0.441
40	0.433
40	0.318
40	0.563
40	0.321
40	0.276
40	0.281
40	0.363
40	0.399
40	0.362
40	0.395
40	0.4
40	0.542
40	0.473
40	0.535
40	0.099
40	0.322
40	0.476
40	0.576
40	0.356
40	0.236
40	0.278
40	0.36
40	0.396
40	0.401
40	0.278
40	0.278
40	0.146
40	0.363
40	0.401
40	0.319
40	0.404
40	0.278
40	0.359
40	0.315
40	0.279
40	0.399
40	0.279
40	0.277
40	0.362
40	0.5
40	0.232
40	0.51
40	0.318
40	0.281
40	0.146
40	0.467
40	0.363
40	0.36
40	0.397
40	0.236
40	0.473
40	0.236
40	0.281
40	0.394
40	0.236
40	0.472
40	0.436
40	0.319
40	0.191
40	0.191
40	0.233
40	0.397
40	0.146
40	0.278
40	0.536
40	0.277
40	0.277
40	0.356
40	0.278
40	0.395
40	0.499
40	0.319
40	0.099
40	0.097
40	0.363
40	0.321
40	0.279
40	0.399
40	0.4
40	0.363
40	0.359
40	0.395
40	0.435
40	0.321
40	0.191
40	0.403
40	0.401
40	0.321
40	0.472
40	0.192
40	0.279
40	0.322
40	0.399
40	0.278
40	0.236
40	0.396
40	0.322
40	0.36
40	0.363
40	0.535
40	0.233
40	0.399
40	0.467
40	0.438
40	0.362
40	0.396
40	0.278
40	0.321
40	0.363
40	0.278
40	0.474
40	0.322
40	0.191
40	0.279
40	0.436
40	0.397
40	0.396
40	0.358
40	0.146
40	0.401
40	0.401
40	0.322
40	0.437
40	0.476
40	0.322
40	0.236
40	0.528
40	0.319
40	0.359
40	0.233
40	0.36
40	0.363
40	0.322
40	0.321
40	0.279
40	0.322
40	0.399
40	0.471
40	0.233
40	0.506
40	0.399
40	0.536
40	0.278
40	0.397
40	0.399
40	0.362
40	0.363
40	0.192
50	0.362
50	0.358
50	0.418
50	0.296
50	0.452
50	0.447
50	0.261
50	0.358
50	0.294
50	0.389
50	0.504
50	0.531
50	0.328
50	0.478
50	0.36
50	0.42
50	0.362
50	0.26
50	0.42
50	0.362
50	0.327
50	0.45
50	0.257
50	0.358
50	0.418
50	0.361
50	0.261
50	0.424
50	0.358
50	0.451
50	0.328
50	0.416
50	0.296
50	0.117
50	0.361
50	0.258
50	0.36
50	0.296
50	0.358
50	0.48
50	0.421
50	0.293
50	0.359
50	0.325
50	0.498
50	0.297
50	0.361
50	0.261
50	0.294
50	0.227
50	0.297
50	0.448
50	0.437
50	0.296
50	0.358
50	0.361
50	0.392
50	0.358
50	0.262
50	0.418
50	0.453
50	0.5
50	0.451
50	0.451
50	0.326
50	0.478
50	0.451
50	0.326
50	0.263
50	0.392
50	0.328
50	0.422
50	0.449
50	0.327
50	0.358
50	0.391
50	0.42
50	0.155
50	0.389
50	0.26
50	0.392
50	0.452
50	0.39
50	0.36
50	0.324
50	0.385
50	0.225
50	0.262
50	0.452
50	0.296
50	0.454
50	0.42
50	0.295
50	0.26
50	0.329
50	0.424
50	0.325
50	0.293
50	0.418
50	0.39
50	0.262
50	0.327
50	0.358
50	0.447
50	0.191
50	0.292
50	0.327
50	0.356
50	0.327
50	0.354
50	0.261
50	0.326
50	0.451
50	0.449
50	0.19
50	0.261
50	0.492
50	0.451
50	0.362
50	0.42
50	0.325
50	0.422
50	0.26
50	0.329
50	0.42
50	0.322
50	0.357
50	0.42
50	0.39
50	0.329
50	0.451
50	0.329
50	0.294
50	0.291
50	0.296
50	0.327
50	0.327
50	0.329
50	0.442
50	0.481
50	0.295
50	0.296
50	0.443
50	0.154
50	0.393
50	0.498
50	0.26
50	0.502
50	0.478
50	0.354
50	0.262
50	0.358
50	0.453
50	0.42
50	0.226
50	0.388
50	0.389
50	0.473
50	0.361
50	0.388
50	0.477
50	0.225
50	0.423
50	0.444
50	0.36
50	0.26
50	0.358
50	0.295
50	0.361
50	0.423
50	0.356
50	0.45
50	0.506
50	0.447
50	0.475
50	0.421
50	0.26
50	0.224
50	0.358
50	0.447
50	0.227
50	0.423
50	0.361
50	0.295
50	0.361
50	0.446
50	0.452
50	0.451
50	0.226
50	0.327
50	0.327
50	0.296
50	0.357
50	0.416
50	0.192
50	0.327
50	0.291
50	0.558
50	0.324
50	0.384
50	0.42
50	0.296
50	0.261
50	0.417
50	0.327
50	0.327
50	0.192
50	0.354
50	0.19
50	0.325
50	0.393
50	0.42
50	0.326
50	0.36
50	0.482
50	0.327
50	0.296
50	0.261
50	0.329
50	0.325
50	0.362
50	0.5
50	0.326
50	0.357
50	0.381
50	0.448
50	0.227
50	0.424
50	0.392
50	0.418
50	0.478
50	0.295
50	0.261
50	0.296
50	0.328
50	0.261
50	0.362
50	0.416
50	0.325
50	0.354
50	0.154
50	0.448
50	0.611
50	0.358
50	0.154
50	0.391
50	0.391
50	0.295
50	0.327
50	0.421
50	0.393
50	0.447
50	0.328
50	0.394
50	0.294
50	0.33
50	0.452
50	0.42
50	0.295
50	0.481
50	0.296
50	0.531
50	0.192
50	0.227
50	0.418
50	0.296
50	0.326
50	0.389
50	0.423
50	0.327
50	0.358
50	0.325
50	0.552
50	0.261
50	0.358
50	0.295
50	0.389
50	0.446
50	0.391
50	0.389
50	0.39
50	0.39
50	0.328
50	0.385
50	0.482
50	0.423
50	0.362
50	0.329
50	0.225
50	0.559
50	0.423
50	0.327
50	0.481
50	0.481
50	0.358
50	0.386
50	0.328
50	0.26
50	0.531
50	0.42
50	0.291
50	0.227
50	0.294
50	0.448
50	0.504
50	0.391
50	0.416
50	0.295
50	0.453
50	0.155
50	0.191
50	0.326
50	0.294
50	0.291
50	0.499
50	0.42
50	0.358
50	0.393
50	0.393
50	0.296
50	0.389
50	0.227
50	0.362
50	0.296
50	0.191
50	0.451
50	0.262
50	0.389
50	0.392
50	0.423
50	0.328
50	0.329
50	0.296
50	0.358
50	0.296
50	0.191
50	0.393
50	0.362
50	0.472
50	0.389
50	0.296
50	0.389
50	0.422
50	0.413
50	0.477
50	0.295
50	0.327
50	0.448
50	0.295
50	0.422
50	0.36
50	0.392
50	0.449
50	0.533
50	0.263
50	0.419
50	0.33
50	0.258
50	0.227
50	0.296
50	0.261
50	0.358
50	0.359
50	0.416
50	0.291
50	0.295
50	0.329
50	0.389
50	0.358
50	0.328
50	0.329
50	0.262
50	0.154
50	0.296
50	0.393
50	0.354
50	0.447
50	0.262
50	0.359
50	0.449
50	0.393
50	0.473
50	0.327
50	0.393
50	0.192
50	0.361
50	0.296
50	0.408
50	0.361
50	0.227
50	0.296
50	0.45
50	0.393
50	0.39
50	0.449
50	0.414
50	0.117
50	0.296
50	0.475
50	0.419
50	0.361
50	0.295
50	0.228
50	0.327
50	0.261
50	0.393
50	0.421
50	0.55
50	0.359
50	0.296
50	0.328
50	0.318
50	0.42
50	0.422
50	0.451
50	0.36
50	0.42
50	0.423
50	0.446
50	0.417
50	0.454
50	0.548
50	0.503
50	0.386
50	0.326
50	0.358
50	0.476
50	0.262
50	0.292
50	0.478
50	0.261
50	0.451
50	0.418
50	0.447
50	0.118
50	0.449
50	0.421
50	0.363
50	0.327
50	0.154
50	0.452
50	0.476
50	0.154
50	0.261
50	0.424
50	0.384
50	0.454
50	0.42
50	0.329
50	0.262
50	0.328
50	0.453
50	0.225
50	0.327
50	0.329
50	0.358
50	0.329
50	0.592
50	0.507
50	0.261
50	0.329
50	0.328
50	0.257
50	0.389
50	0.262
50	0.261
50	0.327
50	0.482
50	0.479
50	0.227
50	0.327
50	0.452
50	0.327
50	0.419
50	0.36
50	0.389
50	0.381
50	0.26
50	0.227
50	0.423
50	0.391
50	0.389
50	0.443
50	0.295
50	0.328
50	0.327
50	0.477
50	0.294
50	0.297
50	0.228
50	0.327
50	0.257
50	0.362
50	0.507
50	0.358
50	0.329
50	0.362
50	0.387
50	0.358
50	0.36
60	0.249
60	0.36
60	0.334
60	0.279
60	0.384
60	0.279
60	0.432
60	0.249
60	0.359
60	0.386
60	0.458
60	0.433
60	0.307
60	0.551
60	0.427
60	0.359
60	0.358
60	0.22
60	0.218
60	0.247
60	0.305
60	0.306
60	0.408
60	0.277
60	0.249
60	0.385
60	0.221
60	0.305
60	0.22
60	0.332
60	0.334
60	0.306
60	0.19
60	0.219
60	0.277
60	0.333
60	0.412
60	0.19
60	0.358
60	0.334
60	0.276
60	0.376
60	0.455
60	0.41
60	0.279
60	0.408
60	0.5
60	0.219
60	0.333
60	0.497
60	0.278
60	0.482
60	0.434
60	0.405
60	0.333
60	0.277
60	0.358
60	0.385
60	0.249
60	0.407
60	0.248
60	0.305
60	0.304
60	0.455
60	0.306
60	0.383
60	0.332
60	0.329
60	0.359
60	0.276
60	0.434
60	0.247
60	0.359
60	0.407
60	0.36
60	0.507
60	0.19
60	0.388
60	0.411
60	0.306
60	0.305
60	0.277
60	0.249
60	0.334
60	0.436
60	0.221
60	0.277
60	0.381
60	0.249
60	0.528
60	0.522
60	0.22
60	0.385
60	0.356
60	0.385
60	0.333
60	0.249
60	0.408
60	0.334
60	0.437
60	0.307
60	0.385
60	0.411
60	0.38
60	0.405
60	0.462
60	0.306
60	0.25
60	0.25
60	0.434
60	0.22
60	0.524
60	0.357
60	0.437
60	0.388
60	0.385
60	0.278
60	0.408
60	0.221
60	0.357
60	0.221
60	0.484
60	0.332
60	0.36
60	0.279
60	0.357
60	0.353
60	0.333
60	0.22
60	0.279
60	0.333
60	0.277
60	0.41
60	0.306
60	0.406
60	0.362
60	0.41
60	0.306
60	0.384
60	0.433
60	0.192
60	0.334
60	0.334
60	0.33
60	0.305
60	0.191
60	0.429
60	0.307
60	0.251
60	0.388
60	0.384
60	0.408
60	0.408
60	0.328
60	0.386
60	0.306
60	0.305
60	0.482
60	0.191
60	0.334
60	0.384
60	0.334
60	0.387
60	0.354
60	0.358
60	0.458
60	0.434
60	0.25
60	0.33
60	0.408
60	0.249
60	0.333
60	0.384
60	0.191
60	0.36
60	0.36
60	0.279
60	0.277
60	0.303
60	0.356
60	0.473
60	0.279
60	0.16
60	0.436
60	0.221
60	0.524
60	0.455
60	0.332
60	0.359
60	0.249
60	0.221
60	0.276
60	0.433
60	0.484
60	0.277
60	0.457
60	0.433
60	0.359
60	0.385
60	0.333
60	0.41
60	0.409
60	0.406
60	0.48
60	0.431
60	0.277
60	0.382
60	0.277
60	0.435
60	0.305
60	0.305
60	0.431
60	0.506
60	0.334
60	0.278
60	0.481
60	0.278
60	0.331
60	0.331
60	0.427
60	0.279
60	0.277
60	0.483
60	0.549
60	0.274
60	0.508
60	0.359
60	0.333
60	0.274
60	0.41
60	0.276
60	0.331
60	0.16
60	0.277
60	0.25
60	0.16
60	0.461
60	0.277
60	0.386
60	0.306
60	0.385
60	0.525
60	0.4
60	0.358
60	0.277
60	0.481
60	0.385
60	0.402
60	0.386
60	0.434
60	0.356
60	0.456
60	0.332
60	0.407
60	0.329
60	0.278
60	0.335
60	0.334
60	0.358
60	0.384
60	0.481
60	0.358
60	0.388
60	0.362
60	0.332
60	0.438
60	0.453
60	0.384
60	0.361
60	0.38
60	0.305
60	0.305
60	0.36
60	0.408
60	0.249
60	0.523
60	0.455
60	0.279
60	0.411
60	0.461
60	0.358
60	0.333
60	0.36
60	0.407
60	0.382
60	0.41
60	0.305
60	0.357
60	0.306
60	0.358
60	0.333
60	0.453
60	0.434
60	0.481
60	0.332
60	0.247
60	0.358
60	0.359
60	0.331
60	0.408
60	0.306
60	0.276
60	0.359
60	0.333
60	0.276
60	0.331
60	0.382
60	0.333
60	0.41
60	0.381
60	0.48
60	0.408
60	0.41
60	0.361
60	0.25
60	0.279
60	0.301
60	0.36
60	0.278
60	0.33
60	0.276
60	0.307
60	0.411
60	0.277
60	0.332
60	0.409
60	0.381
60	0.25
60	0.481
60	0.377
60	0.306
60	0.332
60	0.527
60	0.306
60	0.436
60	0.333
60	0.478
60	0.358
60	0.358
60	0.412
60	0.305
60	0.361
60	0.409
60	0.36
60	0.33
60	0.332
60	0.331
60	0.276
60	0.333
60	0.377
60	0.359
60	0.251
60	0.333
60	0.25
60	0.332
60	0.332
60	0.459
60	0.456
60	0.25
60	0.443
60	0.333
60	0.249
60	0.359
60	0.277
60	0.279
60	0.435
60	0.25
60	0.436
60	0.332
60	0.191
60	0.384
60	0.357
60	0.499
60	0.386
60	0.306
60	0.384
60	0.384
60	0.356
60	0.408
60	0.386
60	0.332
60	0.275
60	0.405
60	0.249
60	0.249
60	0.333
60	0.482
60	0.303
60	0.384
60	0.479
60	0.384
60	0.25
60	0.567
60	0.382
60	0.277
60	0.277
60	0.303
60	0.189
60	0.41
60	0.384
60	0.507
60	0.307
60	0.333
60	0.481
60	0.304
60	0.36
60	0.386
60	0.279
60	0.333
60	0.304
60	0.221
60	0.305
60	0.334
60	0.431
60	0.434
60	0.36
60	0.302
60	0.434
60	0.433
60	0.36
60	0.428
60	0.385
60	0.332
60	0.22
60	0.276
60	0.43
60	0.359
60	0.498
60	0.332
60	0.359
60	0.306
60	0.36
60	0.359
60	0.387
60	0.433
60	0.434
60	0.456
60	0.36
60	0.306
60	0.307
60	0.506
60	0.249
60	0.277
60	0.302
60	0.302
60	0.218
60	0.332
60	0.332
60	0.359
60	0.403
60	0.276
60	0.438
60	0.386
60	0.361
60	0.307
60	0.278
60	0.302
60	0.437
60	0.384
60	0.332
60	0.46
60	0.278
60	0.278
60	0.434
60	0.359
60	0.362
60	0.36
60	0.384
60	0.332
60	0.459
60	0.433
60	0.382
60	0.331
60	0.304
60	0.504
60	0.249
60	0.358
60	0.46
60	0.382
60	0.356
60	0.377
60	0.276
60	0.384
60	0.304
60	0.302
60	0.388
60	0.384
60	0.411
60	0.278
60	0.359
60	0.249
60	0.303
60	0.305
60	0.333
60	0.249
60	0.385
60	0.278
60	0.458
60	0.249
60	0.331
70	0.379
70	0.376
70	0.287
70	0.378
70	0.265
70	0.381
70	0.381
70	0.336
70	0.216
70	0.265
70	0.289
70	0.312
70	0.31
70	0.361
70	0.337
70	0.357
70	0.29
70	0.444
70	0.423
70	0.266
70	0.241
70	0.313
70	0.312
70	0.312
70	0.337
70	0.425
70	0.359
70	0.359
70	0.314
70	0.265
70	0.463
70	0.357
70	0.332
70	0.241
70	0.29
70	0.424
70	0.358
70	0.381
70	0.38
70	0.313
70	0.312
70	0.289
70	0.336
70	0.48
70	0.359
70	0.423
70	0.289
70	0.444
70	0.334
70	0.36
70	0.312
70	0.335
70	0.336
70	0.289
70	0.399
70	0.503
70	0.24
70	0.289
70	0.359
70	0.443
70	0.402
70	0.313
70	0.4
70	0.313
70	0.335
70	0.215
70	0.423
70	0.357
70	0.404
70	0.378
70	0.36
70	0.448
70	0.311
70	0.334
70	0.424
70	0.397
70	0.335
70	0.399
70	0.338
70	0.29
70	0.462
70	0.267
70	0.354
70	0.424
70	0.314
70	0.379
70	0.311
70	0.427
70	0.458
70	0.265
70	0.38
70	0.335
70	0.357
70	0.334
70	0.309
70	0.445
70	0.401
70	0.424
70	0.29
70	0.442
70	0.384
70	0.29
70	0.265
70	0.445
70	0.337
70	0.401
70	0.288
70	0.289
70	0.48
70	0.381
70	0.402
70	0.336
70	0.265
70	0.359
70	0.422
70	0.266
70	0.401
70	0.443
70	0.482
70	0.424
70	0.314
70	0.291
70	0.44
70	0.467
70	0.403
70	0.357
70	0.267
70	0.42
70	0.288
70	0.419
70	0.357
70	0.424
70	0.337
70	0.382
70	0.337
70	0.29
70	0.29
70	0.464
70	0.444
70	0.314
70	0.401
70	0.334
70	0.334
70	0.442
70	0.335
70	0.336
70	0.378
70	0.335
70	0.289
70	0.289
70	0.265
70	0.288
70	0.335
70	0.359
70	0.377
70	0.311
70	0.287
70	0.404
70	0.383
70	0.381
70	0.335
70	0.379
70	0.382
70	0.443
70	0.289
70	0.463
70	0.337
70	0.443
70	0.336
70	0.443
70	0.354
70	0.42
70	0.423
70	0.336
70	0.266
70	0.336
70	0.404
70	0.378
70	0.313
70	0.42
70	0.422
70	0.381
70	0.381
70	0.335
70	0.313
70	0.405
70	0.359
70	0.288
70	0.485
70	0.379
70	0.311
70	0.382
70	0.314
70	0.381
70	0.443
70	0.422
70	0.401
70	0.29
70	0.315
70	0.405
70	0.31
70	0.336
70	0.357
70	0.337
70	0.336
70	0.463
70	0.313
70	0.314
70	0.358
70	0.424
70	0.419
70	0.29
70	0.381
70	0.335
70	0.335
70	0.359
70	0.381
70	0.357
70	0.38
70	0.359
70	0.381
70	0.333
70	0.267
70	0.288
70	0.462
70	0.289
70	0.398
70	0.376
70	0.516
70	0.336
70	0.38
70	0.24
70	0.359
70	0.463
70	0.332
70	0.241
70	0.335
70	0.443
70	0.503
70	0.441
70	0.337
70	0.504
70	0.36
70	0.404
70	0.336
70	0.241
70	0.487
70	0.358
70	0.359
70	0.381
70	0.355
70	0.289
70	0.333
70	0.48
70	0.359
70	0.402
70	0.443
70	0.287
70	0.29
70	0.401
70	0.189
70	0.444
70	0.357
70	0.216
70	0.36
70	0.289
70	0.241
70	0.402
70	0.265
70	0.403
70	0.52
70	0.381
70	0.357
70	0.36
70	0.359
70	0.337
70	0.333
70	0.358
70	0.24
70	0.36
70	0.335
70	0.425
70	0.215
70	0.29
70	0.377
70	0.422
70	0.462
70	0.311
70	0.442
70	0.288
70	0.36
70	0.399
70	0.463
70	0.359
70	0.285
70	0.379
70	0.52
70	0.403
70	0.465
70	0.358
70	0.426
70	0.423
70	0.402
70	0.359
70	0.441
70	0.38
70	0.521
70	0.379
70	0.443
70	0.381
70	0.266
70	0.401
70	0.382
70	0.265
70	0.359
70	0.311
70	0.487
70	0.287
70	0.38
70	0.402
70	0.24
70	0.381
70	0.423
70	0.289
70	0.335
70	0.335
70	0.358
70	0.402
70	0.361
70	0.265
70	0.29
70	0.335
70	0.334
70	0.358
70	0.241
70	0.337
70	0.359
70	0.423
70	0.404
70	0.336
70	0.217
70	0.356
70	0.359
70	0.402
70	0.379
70	0.464
70	0.421
70	0.398
70	0.336
70	0.335
70	0.424
70	0.465
70	0.404
70	0.29
70	0.312
70	0.543
70	0.44
70	0.265
70	0.504
70	0.381
70	0.334
70	0.383
70	0.312
70	0.402
70	0.335
70	0.359
70	0.383
70	0.357
70	0.29
70	0.313
70	0.354
70	0.442
70	0.265
70	0.311
70	0.217
70	0.313
70	0.504
70	0.241
70	0.446
70	0.375
70	0.379
70	0.359
70	0.333
70	0.446
70	0.311
70	0.265
70	0.334
70	0.358
70	0.311
70	0.466
70	0.382
70	0.4
70	0.381
70	0.404
70	0.441
70	0.359
70	0.463
70	0.266
70	0.336
70	0.38
70	0.445
70	0.466
70	0.482
70	0.402
70	0.399
70	0.314
70	0.337
70	0.357
70	0.561
70	0.336
70	0.424
70	0.465
70	0.421
70	0.381
70	0.36
70	0.467
70	0.313
70	0.312
70	0.481
70	0.424
70	0.398
70	0.38
70	0.399
70	0.404
70	0.378
70	0.337
70	0.398
70	0.355
70	0.314
70	0.422
70	0.337
70	0.468
70	0.423
70	0.518
70	0.334
70	0.422
70	0.402
70	0.52
70	0.313
70	0.359
70	0.377
70	0.507
70	0.403
70	0.405
70	0.336
70	0.358
70	0.311
70	0.359
70	0.381
70	0.265
70	0.421
70	0.484
70	0.357
70	0.289
70	0.446
70	0.242
70	0.263
70	0.314
70	0.383
70	0.241
70	0.313
70	0.4
70	0.439
70	0.486
70	0.382
70	0.522
70	0.313
70	0.291
70	0.402
70	0.335
70	0.334
70	0.314
70	0.337
70	0.381
70	0.29
70	0.383
70	0.337
70	0.38
70	0.42
70	0.337
70	0.266
70	0.335
70	0.265
70	0.36
70	0.357
70	0.337
70	0.382
70	0.241
70	0.189
70	0.357
70	0.446
70	0.241
70	0.383
70	0.379
70	0.397
70	0.314
70	0.424
70	0.337
70	0.425
70	0.334
80	0.379
80	0.398
80	0.352
80	0.357
80	0.277
80	0.298
80	0.298
80	0.278
80	0.234
80	0.415
80	0.414
80	0.318
80	0.45
80	0.393
80	0.377
80	0.453
80	0.316
80	0.397
80	0.256
80	0.359
80	0.451
80	0.298
80	0.43
80	0.41
80	0.397
80	0.453
80	0.319
80	0.277
80	0.296
80	0.376
80	0.357
80	0.337
80	0.338
80	0.359
80	0.376
80	0.411
80	0.256
80	0.318
80	0.378
80	0.318
80	0.357
80	0.338
80	0.339
80	0.379
80	0.378
80	0.417
80	0.412
80	0.449
80	0.359
80	0.336
80	0.471
80	0.32
80	0.426
80	0.378
80	0.376
80	0.299
80	0.397
80	0.394
80	0.317
80	0.376
80	0.434
80	0.432
80	0.378
80	0.254
80	0.378
80	0.418
80	0.319
80	0.378
80	0.396
80	0.255
80	0.449
80	0.339
80	0.395
80	0.415
80	0.435
80	0.431
80	0.487
80	0.533
80	0.338
80	0.417
80	0.359
80	0.297
80	0.337
80	0.376
80	0.276
80	0.317
80	0.413
80	0.34
80	0.417
80	0.317
80	0.376
80	0.356
80	0.213
80	0.256
80	0.318
80	0.299
80	0.417
80	0.377
80	0.354
80	0.318
80	0.377
80	0.213
80	0.374
80	0.317
80	0.296
80	0.234
80	0.357
80	0.434
80	0.411
80	0.375
80	0.376
80	0.256
80	0.377
80	0.257
80	0.32
80	0.378
80	0.396
80	0.298
80	0.358
80	0.468
80	0.212
80	0.299
80	0.318
80	0.358
80	0.453
80	0.396
80	0.357
80	0.339
80	0.397
80	0.376
80	0.296
80	0.276
80	0.432
80	0.212
80	0.452
80	0.316
80	0.339
80	0.414
80	0.255
80	0.191
80	0.298
80	0.298
80	0.377
80	0.359
80	0.395
80	0.318
80	0.395
80	0.394
80	0.396
80	0.433
80	0.297
80	0.335
80	0.359
80	0.358
80	0.277
80	0.399
80	0.359
80	0.374
80	0.256
80	0.358
80	0.318
80	0.191
80	0.416
80	0.318
80	0.277
80	0.356
80	0.253
80	0.431
80	0.319
80	0.295
80	0.378
80	0.278
80	0.416
80	0.338
80	0.503
80	0.519
80	0.356
80	0.358
80	0.397
80	0.235
80	0.278
80	0.415
80	0.339
80	0.397
80	0.359
80	0.377
80	0.379
80	0.375
80	0.297
80	0.36
80	0.41
80	0.433
80	0.358
80	0.396
80	0.397
80	0.336
80	0.428
80	0.419
80	0.337
80	0.359
80	0.429
80	0.394
80	0.256
80	0.395
80	0.417
80	0.397
80	0.234
80	0.297
80	0.416
80	0.296
80	0.432
80	0.275
80	0.399
80	0.356
80	0.338
80	0.297
80	0.358
80	0.357
80	0.379
80	0.359
80	0.377
80	0.277
80	0.298
80	0.19
80	0.255
80	0.356
80	0.377
80	0.409
80	0.376
80	0.416
80	0.297
80	0.503
80	0.418
80	0.45
80	0.277
80	0.316
80	0.468
80	0.452
80	0.397
80	0.431
80	0.414
80	0.34
80	0.416
80	0.453
80	0.298
80	0.275
80	0.398
80	0.356
80	0.359
80	0.315
80	0.317
80	0.335
80	0.256
80	0.399
80	0.378
80	0.318
80	0.355
80	0.359
80	0.276
80	0.318
80	0.394
80	0.319
80	0.319
80	0.317
80	0.433
80	0.317
80	0.395
80	0.414
80	0.397
80	0.503
80	0.336
80	0.335
80	0.432
80	0.43
80	0.452
80	0.36
80	0.45
80	0.355
80	0.277
80	0.397
80	0.471
80	0.415
80	0.468
80	0.378
80	0.394
80	0.299
80	0.278
80	0.256
80	0.297
80	0.377
80	0.503
80	0.431
80	0.395
80	0.358
80	0.32
80	0.399
80	0.356
80	0.435
80	0.378
80	0.398
80	0.396
80	0.275
80	0.397
80	0.278
80	0.415
80	0.297
80	0.234
80	0.296
80	0.395
80	0.451
80	0.394
80	0.358
80	0.378
80	0.32
80	0.357
80	0.417
80	0.358
80	0.432
80	0.359
80	0.433
80	0.489
80	0.378
80	0.357
80	0.358
80	0.337
80	0.378
80	0.318
80	0.416
80	0.374
80	0.168
80	0.319
80	0.36
80	0.379
80	0.416
80	0.298
80	0.255
80	0.34
80	0.413
80	0.355
80	0.397
80	0.414
80	0.358
80	0.393
80	0.32
80	0.377
80	0.373
80	0.435
80	0.377
80	0.297
80	0.359
80	0.398
80	0.396
80	0.338
80	0.454
80	0.334
80	0.339
80	0.317
80	0.318
80	0.296
80	0.319
80	0.377
80	0.379
80	0.298
80	0.318
80	0.276
80	0.359
80	0.277
80	0.394
80	0.359
80	0.488
80	0.396
80	0.319
80	0.358
80	0.394
80	0.377
80	0.433
80	0.357
80	0.339
80	0.376
80	0.339
80	0.415
80	0.234
80	0.278
80	0.373
80	0.338
80	0.19
80	0.416
80	0.297
80	0.299
80	0.359
80	0.375
80	0.416
80	0.453
80	0.379
80	0.277
80	0.299
80	0.277
80	0.449
80	0.379
80	0.356
80	0.256
80	0.356
80	0.339
80	0.319
80	0.414
80	0.41
80	0.293
80	0.498
80	0.337
80	0.433
80	0.339
80	0.396
80	0.255
80	0.255
80	0.378
80	0.469
80	0.32
80	0.356
80	0.278
80	0.446
80	0.415
80	0.317
80	0.317
80	0.299
80	0.318
80	0.378
80	0.376
80	0.338
80	0.36
80	0.451
80	0.256
80	0.234
80	0.436
80	0.317
80	0.378
80	0.489
80	0.378
80	0.318
80	0.212
80	0.338
80	0.394
80	0.317
80	0.297
80	0.434
80	0.415
80	0.339
80	0.434
80	0.372
80	0.352
80	0.297
80	0.317
80	0.213
80	0.339
80	0.256
80	0.447
80	0.32
80	0.375
80	0.415
80	0.338
80	0.358
80	0.359
80	0.416
80	0.34
80	0.274
80	0.32
80	0.36
80	0.452
80	0.378
80	0.435
80	0.393
80	0.417
80	0.319
80	0.298
80	0.255
80	0.434
80	0.355
80	0.356
80	0.318
80	0.297
80	0.377
80	0.316
80	0.468
80	0.256
80	0.338
80	0.466
80	0.47
80	0.448
80	0.335
80	0.378
80	0.276
80	0.395
80	0.433
80	0.339
80	0.453
80	0.414
80	0.278
80	0.337
80	0.414
80	0.471
80	0.359
90	0.438
90	0.305
90	0.474
90	0.324
90	0.393
90	0.355
90	0.321
90	0.459
90	0.36
90	0.359
90	0.339
90	0.34
90	0.394
90	0.285
90	0.406
90	0.303
90	0.34
90	0.341
90	0.323
90	0.376
90	0.358
90	0.375
90	0.411
90	0.376
90	0.229
90	0.324
90	0.393
90	0.339
90	0.358
90	0.385
90	0.323
90	0.409
90	0.423
90	0.442
90	0.359
90	0.442
90	0.491
90	0.302
90	0.246
90	0.34
90	0.285
90	0.268
90	0.339
90	0.425
90	0.284
90	0.359
90	0.377
90	0.393
90	0.321
90	0.339
90	0.341
90	0.393
90	0.341
90	0.36
90	0.407
90	0.44
90	0.393
90	0.321
90	0.208
90	0.304
90	0.336
90	0.321
90	0.339
90	0.322
90	0.323
90	0.305
90	0.339
90	0.391
90	0.391
90	0.304
90	0.287
90	0.423
90	0.388
90	0.424
90	0.392
90	0.357
90	0.408
90	0.268
90	0.391
90	0.305
90	0.321
90	0.406
90	0.374
90	0.408
90	0.424
90	0.287
90	0.373
90	0.392
90	0.388
90	0.305
90	0.34
90	0.322
90	0.372
90	0.391
90	0.356
90	0.303
90	0.357
90	0.356
90	0.339
90	0.409
90	0.34
90	0.358
90	0.374
90	0.44
90	0.342
90	0.34
90	0.374
90	0.324
90	0.356
90	0.375
90	0.358
90	0.286
90	0.303
90	0.441
90	0.285
90	0.34
90	0.41
90	0.268
90	0.301
90	0.286
90	0.341
90	0.408
90	0.323
90	0.248
90	0.455
90	0.358
90	0.304
90	0.358
90	0.34
90	0.376
90	0.439
90	0.323
90	0.393
90	0.407
90	0.392
90	0.359
90	0.405
90	0.323
90	0.304
90	0.426
90	0.337
90	0.339
90	0.305
90	0.359
90	0.358
90	0.374
90	0.409
90	0.341
90	0.305
90	0.392
90	0.34
90	0.341
90	0.248
90	0.339
90	0.285
90	0.342
90	0.341
90	0.488
90	0.338
90	0.34
90	0.302
90	0.452
90	0.356
90	0.321
90	0.304
90	0.407
90	0.475
90	0.355
90	0.358
90	0.324
90	0.322
90	0.375
90	0.374
90	0.409
90	0.208
90	0.249
90	0.426
90	0.444
90	0.375
90	0.321
90	0.283
90	0.229
90	0.357
90	0.323
90	0.341
90	0.305
90	0.358
90	0.456
90	0.456
90	0.286
90	0.376
90	0.443
90	0.438
90	0.426
90	0.338
90	0.408
90	0.375
90	0.338
90	0.376
90	0.47
90	0.322
90	0.375
90	0.376
90	0.34
90	0.341
90	0.25
90	0.372
90	0.341
90	0.409
90	0.408
90	0.469
90	0.391
90	0.301
90	0.358
90	0.268
90	0.359
90	0.443
90	0.376
90	0.358
90	0.305
90	0.322
90	0.286
90	0.41
90	0.304
90	0.341
90	0.443
90	0.321
90	0.303
90	0.392
90	0.412
90	0.375
90	0.32
90	0.288
90	0.324
90	0.359
90	0.39
90	0.425
90	0.322
90	0.41
90	0.286
90	0.375
90	0.266
90	0.36
90	0.319
90	0.375
90	0.358
90	0.322
90	0.424
90	0.422
90	0.458
90	0.357
90	0.34
90	0.376
90	0.44
90	0.287
90	0.32
90	0.305
90	0.287
90	0.286
90	0.486
90	0.426
90	0.322
90	0.324
90	0.34
90	0.427
90	0.391
90	0.428
90	0.359
90	0.304
90	0.357
90	0.389
90	0.39
90	0.391
90	0.285
90	0.358
90	0.357
90	0.285
90	0.322
90	0.266
90	0.323
90	0.356
90	0.267
90	0.34
90	0.376
90	0.338
90	0.322
90	0.393
90	0.458
90	0.388
90	0.393
90	0.44
90	0.405
90	0.373
90	0.371
90	0.375
90	0.286
90	0.393
90	0.285
90	0.41
90	0.41
90	0.209
90	0.394
90	0.286
90	0.371
90	0.303
90	0.323
90	0.374
90	0.32
90	0.339
90	0.408
90	0.441
90	0.303
90	0.406
90	0.339
90	0.393
90	0.427
90	0.409
90	0.32
90	0.408
90	0.286
90	0.286
90	0.286
90	0.359
90	0.266
90	0.39
90	0.456
90	0.304
90	0.454
90	0.44
90	0.248
90	0.285
90	0.304
90	0.391
90	0.376
90	0.305
90	0.392
90	0.284
90	0.342
90	0.303
90	0.375
90	0.323
90	0.341
90	0.406
90	0.371
90	0.425
90	0.265
90	0.34
90	0.373
90	0.407
90	0.389
90	0.323
90	0.248
90	0.374
90	0.423
90	0.376
90	0.287
90	0.267
90	0.409
90	0.287
90	0.375
90	0.359
90	0.358
90	0.285
90	0.424
90	0.336
90	0.341
90	0.322
90	0.407
90	0.305
90	0.358
90	0.305
90	0.47
90	0.441
90	0.268
90	0.376
90	0.392
90	0.355
90	0.359
90	0.339
90	0.392
90	0.424
90	0.357
90	0.375
90	0.304
90	0.341
90	0.438
90	0.409
90	0.286
90	0.358
90	0.394
90	0.442
90	0.268
90	0.248
90	0.23
90	0.391
90	0.322
90	0.304
90	0.324
90	0.393
90	0.286
90	0.425
90	0.355
90	0.23
90	0.339
90	0.441
90	0.425
90	0.248
90	0.422
90	0.423
90	0.411
90	0.408
90	0.471
90	0.323
90	0.323
90	0.406
90	0.425
90	0.408
90	0.422
90	0.303
90	0.407
90	0.305
90	0.32
90	0.426
90	0.376
90	0.322
90	0.359
90	0.284
90	0.209
90	0.355
90	0.376
90	0.483
90	0.357
90	0.34
90	0.32
90	0.422
90	0.374
90	0.34
90	0.323
90	0.248
90	0.375
90	0.392
90	0.249
90	0.286
90	0.341
90	0.321
90	0.356
90	0.285
90	0.357
90	0.304
90	0.376
90	0.339
90	0.456
90	0.408
90	0.303
90	0.339
90	0.392
90	0.34
90	0.339
90	0.302
90	0.52
90	0.321
90	0.324
90	0.286
90	0.376
90	0.249
90	0.391
90	0.341
90	0.484
90	0.375
90	0.375
90	0.286
90	0.34
90	0.323
90	0.377
90	0.406
90	0.358
90	0.34
90	0.339
90	0.39
90	0.359
90	0.338
90	0.407
90	0.427
90	0.339
90	0.442
90	0.303
90	0.373
90	0.357
90	0.502
90	0.501
90	0.356
90	0.376
90	0.376
90	0.452
90	0.376
90	0.359
90	0.248
90	0.359
90	0.357
90	0.471
100	0.343
100	0.389
100	0.243
100	0.404
100	0.459
100	0.327
100	0.327
100	0.402
100	0.325
100	0.389
100	0.414
100	0.373
100	0.429
100	0.431
100	0.342
100	0.309
100	0.294
100	0.327
100	0.31
100	0.324
100	0.49
100	0.432
100	0.43
100	0.435
100	0.417
100	0.327
100	0.387
100	0.401
100	0.308
100	0.386
100	0.343
100	0.373
100	0.259
100	0.356
100	0.402
100	0.358
100	0.343
100	0.343
100	0.419
100	0.324
100	0.307
100	0.389
100	0.307
100	0.469
100	0.292
100	0.405
100	0.291
100	0.358
100	0.276
100	0.342
100	0.341
100	0.359
100	0.477
100	0.372
100	0.434
100	0.404
100	0.324
100	0.418
100	0.419
100	0.342
100	0.26
100	0.375
100	0.338
100	0.387
100	0.277
100	0.388
100	0.42
100	0.403
100	0.292
100	0.389
100	0.294
100	0.325
100	0.323
100	0.308
100	0.446
100	0.31
100	0.327
100	0.309
100	0.276
100	0.341
100	0.402
100	0.342
100	0.374
100	0.307
100	0.34
100	0.369
100	0.356
100	0.341
100	0.401
100	0.31
100	0.342
100	0.309
100	0.259
100	0.388
100	0.225
100	0.36
100	0.372
100	0.293
100	0.372
100	0.342
100	0.309
100	0.402
100	0.404
100	0.403
100	0.243
100	0.462
100	0.402
100	0.226
100	0.372
100	0.259
100	0.243
100	0.404
100	0.39
100	0.432
100	0.208
100	0.26
100	0.342
100	0.432
100	0.327
100	0.34
100	0.358
100	0.432
100	0.242
100	0.403
100	0.389
100	0.403
100	0.278
100	0.343
100	0.373
100	0.325
100	0.309
100	0.341
100	0.358
100	0.326
100	0.356
100	0.373
100	0.307
100	0.324
100	0.402
100	0.39
100	0.385
100	0.276
100	0.276
100	0.208
100	0.309
100	0.293
100	0.355
100	0.418
100	0.294
100	0.359
100	0.39
100	0.375
100	0.291
100	0.276
100	0.372
100	0.417
100	0.387
100	0.358
100	0.401
100	0.293
100	0.389
100	0.402
100	0.311
100	0.326
100	0.357
100	0.402
100	0.435
100	0.449
100	0.357
100	0.309
100	0.4
100	0.404
100	0.416
100	0.461
100	0.325
100	0.277
100	0.326
100	0.446
100	0.358
100	0.356
100	0.325
100	0.388
100	0.433
100	0.357
100	0.415
100	0.374
100	0.416
100	0.31
100	0.359
100	0.39
100	0.473
100	0.403
100	0.326
100	0.358
100	0.42
100	0.328
100	0.326
100	0.325
100	0.326
100	0.326
100	0.321
100	0.338
100	0.389
100	0.326
100	0.489
100	0.387
100	0.358
100	0.294
100	0.419
100	0.386
100	0.326
100	0.404
100	0.386
100	0.309
100	0.259
100	0.308
100	0.342
100	0.386
100	0.358
100	0.309
100	0.309
100	0.294
100	0.341
100	0.308
100	0.372
100	0.42
100	0.308
100	0.388
100	0.488
100	0.341
100	0.342
100	0.419
100	0.343
100	0.387
100	0.342
100	0.404
100	0.389
100	0.322
100	0.371
100	0.342
100	0.389
100	0.389
100	0.391
100	0.308
100	0.472
100	0.447
100	0.372
100	0.242
100	0.446
100	0.309
100	0.242
100	0.359
100	0.356
100	0.416
100	0.502
100	0.372
100	0.402
100	0.259
100	0.274
100	0.357
100	0.445
100	0.404
100	0.403
100	0.294
100	0.355
100	0.342
100	0.373
100	0.308
100	0.357
100	0.405
100	0.357
100	0.389
100	0.402
100	0.372
100	0.357
100	0.403
100	0.293
100	0.373
100	0.445
100	0.343
100	0.342
100	0.389
100	0.388
100	0.404
100	0.416
100	0.309
100	0.374
100	0.324
100	0.43
100	0.418
100	0.432
100	0.373
100	0.406
100	0.357
100	0.369
100	0.34
100	0.292
100	0.433
100	0.417
100	0.278
100	0.418
100	0.242
100	0.403
100	0.433
100	0.342
100	0.309
100	0.474
100	0.326
100	0.388
100	0.398
100	0.388
100	0.309
100	0.461
100	0.356
100	0.358
100	0.343
100	0.309
100	0.373
100	0.416
100	0.326
100	0.404
100	0.434
100	0.326
100	0.5
100	0.355
100	0.373
100	0.358
100	0.432
100	0.432
100	0.448
100	0.406
100	0.358
100	0.357
100	0.418
100	0.325
100	0.342
100	0.357
100	0.356
100	0.502
100	0.371
100	0.343
100	0.31
100	0.445
100	0.403
100	0.292
100	0.294
100	0.278
100	0.293
100	0.372
100	0.418
100	0.293
100	0.242
100	0.343
100	0.326
100	0.46
100	0.432
100	0.324
100	0.291
100	0.323
100	0.358
100	0.277
100	0.388
100	0.341
100	0.403
100	0.277
100	0.273
100	0.31
100	0.357
100	0.404
100	0.372
100	0.373
100	0.355
100	0.308
100	0.338
100	0.404
100	0.294
100	0.309
100	0.358
100	0.339
100	0.343
100	0.357
100	0.417
100	0.403
100	0.31
100	0.327
100	0.243
100	0.373
100	0.373
100	0.326
100	0.418
100	0.413
100	0.26
100	0.404
100	0.342
100	0.369
100	0.387
100	0.372
100	0.374
100	0.275
100	0.403
100	0.359
100	0.446
100	0.42
100	0.389
100	0.31
100	0.373
100	0.292
100	0.309
100	0.308
100	0.388
100	0.387
100	0.372
100	0.432
100	0.343
100	0.294
100	0.326
100	0.294
100	0.37
100	0.355
100	0.34
100	0.276
100	0.358
100	0.355
100	0.373
100	0.39
100	0.293
100	0.224
100	0.371
100	0.421
100	0.358
100	0.294
100	0.326
100	0.342
100	0.36
100	0.341
100	0.26
100	0.312
100	0.276
100	0.374
100	0.388
100	0.359
100	0.325
100	0.402
100	0.326
100	0.37
100	0.417
100	0.327
100	0.404
100	0.275
100	0.259
100	0.326
100	0.373
100	0.344
100	0.326
100	0.26
100	0.389
100	0.403
100	0.358
100	0.294
100	0.308
100	0.277
100	0.448
100	0.42
100	0.434
100	0.37
100	0.415
100	0.433
100	0.403
100	0.326
100	0.419
100	0.389
100	0.34
100	0.387
100	0.325
100	0.403
100	0.357
100	0.342
100	0.388
100	0.293
100	0.341
100	0.259
100	0.373
100	0.324
100	0.357
100	0.242
100	0.327
100	0.259
100	0.294
100	0.371
100	0.357
100	0.372
100	0.293
100	0.327
100	0.387
100	0.433
100	0.293
100	0.261
100	0.357
100	0.34
100	0.357
200	0.349
200	0.356
200	0.432
200	0.371
200	0.373
200	0.349
200	0.371
200	0.364
200	0.348
200	0.364
200	0.317
200	0.403
200	0.332
200	0.364
200	0.34
200	0.415
200	0.316
200	0.357
200	0.357
200	0.349
200	0.317
200	0.309
200	0.356
200	0.357
200	0.349
200	0.325
200	0.315
200	0.333
200	0.348
200	0.317
200	0.348
200	0.326
200	0.341
200	0.292
200	0.388
200	0.341
200	0.326
200	0.372
200	0.356
200	0.341
200	0.324
200	0.357
200	0.363
200	0.283
200	0.372
200	0.395
200	0.332
200	0.355
200	0.276
200	0.316
200	0.386
200	0.31
200	0.372
200	0.386
200	0.362
200	0.363
200	0.309
200	0.355
200	0.363
200	0.292
200	0.333
200	0.357
200	0.333
200	0.364
200	0.349
200	0.349
200	0.386
200	0.341
200	0.355
200	0.324
200	0.387
200	0.379
200	0.348
200	0.347
200	0.371
200	0.402
200	0.349
200	0.366
200	0.308
200	0.309
200	0.349
200	0.365
200	0.317
200	0.284
200	0.387
200	0.417
200	0.349
200	0.371
200	0.259
200	0.409
200	0.326
200	0.341
200	0.276
200	0.324
200	0.401
200	0.317
200	0.387
200	0.293
200	0.316
200	0.349
200	0.317
200	0.418
200	0.325
200	0.293
200	0.357
200	0.332
200	0.432
200	0.364
200	0.347
200	0.316
200	0.379
200	0.371
200	0.371
200	0.386
200	0.34
200	0.418
200	0.365
200	0.379
200	0.373
200	0.372
200	0.299
200	0.395
200	0.325
200	0.333
200	0.372
200	0.372
200	0.347
200	0.341
200	0.365
200	0.402
200	0.331
200	0.371
200	0.424
200	0.357
200	0.364
200	0.324
200	0.363
200	0.299
200	0.386
200	0.358
200	0.371
200	0.348
200	0.326
200	0.364
200	0.325
200	0.395
200	0.357
200	0.388
200	0.317
200	0.3
200	0.341
200	0.299
200	0.363
200	0.348
200	0.372
200	0.38
200	0.333
200	0.402
200	0.292
200	0.395
200	0.394
200	0.372
200	0.372
200	0.333
200	0.332
200	0.34
200	0.379
200	0.334
200	0.357
200	0.38
200	0.331
200	0.349
200	0.417
200	0.324
200	0.284
200	0.371
200	0.388
200	0.333
200	0.388
200	0.364
200	0.348
200	0.341
200	0.34
200	0.372
200	0.445
200	0.388
200	0.341
200	0.381
200	0.324
200	0.341
200	0.333
200	0.349
200	0.332
200	0.38
200	0.38
200	0.357
200	0.424
200	0.35
200	0.333
200	0.387
200	0.356
200	0.431
200	0.308
200	0.3
200	0.365
200	0.395
200	0.363
200	0.341
200	0.333
200	0.316
200	0.338
200	0.37
200	0.387
200	0.333
200	0.372
200	0.355
200	0.401
200	0.38
200	0.308
200	0.372
200	0.3
200	0.388
200	0.349
200	0.341
200	0.38
200	0.371
200	0.348
200	0.396
200	0.395
200	0.317
200	0.365
200	0.414
200	0.333
200	0.364
200	0.332
200	0.407
200	0.357
200	0.334
200	0.349
200	0.38
200	0.333
200	0.369
200	0.38
200	0.357
200	0.3
200	0.348
200	0.395
200	0.372
200	0.341
200	0.386
200	0.341
200	0.402
200	0.348
200	0.333
200	0.362
200	0.316
200	0.394
200	0.333
200	0.403
200	0.332
200	0.394
200	0.378
200	0.371
200	0.364
200	0.386
200	0.402
200	0.394
200	0.394
200	0.44
200	0.372
200	0.371
200	0.325
200	0.409
200	0.378
200	0.333
200	0.387
200	0.387
200	0.331
200	0.34
200	0.342
200	0.387
200	0.34
200	0.402
200	0.348
200	0.38
200	0.341
200	0.372
200	0.357
200	0.372
200	0.373
200	0.349
200	0.372
200	0.388
200	0.38
200	0.394
200	0.349
200	0.356
200	0.331
200	0.424
200	0.394
200	0.364
200	0.387
200	0.365
200	0.315
200	0.38
200	0.317
200	0.348
200	0.38
200	0.37
200	0.363
200	0.363
200	0.388
200	0.425
200	0.325
200	0.371
200	0.324
200	0.325
200	0.332
200	0.356
200	0.417
200	0.308
200	0.324
200	0.363
200	0.339
200	0.438
200	0.333
200	0.363
200	0.292
200	0.317
200	0.386
200	0.332
200	0.372
200	0.326
200	0.417
200	0.356
200	0.333
200	0.318
200	0.341
200	0.357
200	0.402
200	0.347
200	0.387
200	0.387
200	0.332
200	0.34
200	0.259
200	0.324
200	0.372
200	0.356
200	0.394
200	0.41
200	0.363
200	0.41
200	0.349
200	0.372
200	0.38
200	0.356
200	0.365
200	0.35
200	0.354
200	0.325
200	0.333
200	0.38
200	0.332
200	0.318
200	0.394
200	0.379
200	0.341
200	0.371
200	0.309
200	0.349
200	0.445
200	0.38
200	0.341
200	0.372
200	0.372
200	0.348
200	0.394
200	0.372
200	0.349
200	0.356
200	0.341
200	0.317
200	0.347
200	0.355
200	0.341
200	0.356
200	0.34
200	0.372
200	0.301
200	0.387
200	0.373
200	0.364
200	0.38
200	0.348
200	0.333
200	0.38
200	0.371
200	0.395
200	0.332
200	0.387
200	0.363
200	0.333
200	0.364
200	0.372
200	0.341
200	0.309
200	0.365
200	0.356
200	0.341
200	0.379
200	0.373
200	0.402
200	0.349
200	0.309
200	0.356
200	0.332
200	0.334
200	0.364
200	0.341
200	0.349
200	0.324
200	0.4
200	0.302
200	0.371
200	0.365
200	0.356
200	0.3
200	0.35
200	0.372
200	0.341
200	0.317
200	0.411
200	0.34
200	0.355
200	0.38
200	0.356
200	0.3
200	0.34
200	0.349
200	0.317
200	0.365
200	0.323
200	0.349
200	0.403
200	0.379
200	0.356
200	0.38
200	0.267
200	0.388
200	0.41
200	0.349
200	0.466
200	0.365
200	0.407
200	0.387
200	0.372
200	0.364
200	0.349
200	0.34
200	0.411
200	0.394
200	0.417
200	0.308
200	0.379
200	0.34
200	0.392
200	0.379
200	0.38
200	0.376
200	0.356
200	0.348
200	0.317
200	0.309
200	0.401
200	0.333
200	0.334
200	0.388
200	0.356
200	0.342
200	0.356
200	0.394
200	0.394
200	0.357
200	0.349
200	0.316
200	0.341
200	0.34
200	0.364
200	0.372
200	0.388
200	0.355
200	0.364
200	0.357
200	0.317
200	0.394
200	0.34
200	0.347
200	0.349
200	0.25
400	0.363
400	0.364
400	0.356
400	0.34
400	0.352
400	0.356
400	0.344
400	0.375
400	0.367
400	0.371
400	0.36
400	0.356
400	0.336
400	0.34
400	0.363
400	0.344
400	0.352
400	0.364
400	0.375
400	0.364
400	0.348
400	0.356
400	0.36
400	0.359
400	0.344
400	0.367
400	0.344
400	0.344
400	0.36
400	0.344
400	0.344
400	0.364
400	0.36
400	0.368
400	0.348
400	0.364
400	0.364
400	0.352
400	0.375
400	0.352
400	0.367
400	0.352
400	0.352
400	0.36
400	0.371
400	0.36
400	0.364
400	0.363
400	0.367
400	0.367
400	0.36
400	0.352
400	0.367
400	0.379
400	0.344
400	0.364
400	0.36
400	0.348
400	0.364
400	0.36
400	0.363
400	0.363
400	0.363
400	0.355
400	0.363
400	0.36
400	0.364
400	0.371
400	0.352
400	0.352
400	0.34
400	0.364
400	0.36
400	0.356
400	0.355
400	0.371
400	0.356
400	0.359
400	0.356
400	0.375
400	0.367
400	0.352
400	0.363
400	0.356
400	0.371
400	0.368
400	0.355
400	0.36
400	0.336
400	0.352
400	0.368
400	0.348
400	0.352
400	0.336
400	0.364
400	0.371
400	0.36
400	0.348
400	0.363
400	0.356
400	0.371
400	0.344
400	0.371
400	0.356
400	0.352
400	0.352
400	0.364
400	0.371
400	0.363
400	0.344
400	0.337
400	0.344
400	0.352
400	0.356
400	0.356
400	0.352
400	0.352
400	0.356
400	0.356
400	0.348
400	0.375
400	0.348
400	0.356
400	0.364
400	0.367
400	0.352
400	0.367
400	0.367
400	0.367
400	0.367
400	0.356
400	0.348
400	0.352
400	0.371
400	0.352
400	0.356
400	0.352
400	0.36
400	0.367
400	0.367
400	0.36
400	0.363
400	0.356
400	0.367
400	0.352
400	0.348
400	0.363
400	0.348
400	0.344
400	0.344
400	0.364
400	0.356
400	0.344
400	0.356
400	0.352
400	0.356
400	0.356
400	0.352
400	0.364
400	0.363
400	0.356
400	0.352
400	0.356
400	0.356
400	0.356
400	0.356
400	0.364
400	0.36
400	0.371
400	0.356
400	0.367
400	0.367
400	0.356
400	0.344
400	0.364
400	0.359
400	0.375
400	0.344
400	0.348
400	0.352
400	0.344
400	0.363
400	0.36
400	0.36
400	0.36
400	0.339
400	0.352
400	0.36
400	0.352
400	0.359
400	0.352
400	0.36
400	0.364
400	0.352
400	0.36
400	0.344
400	0.363
400	0.364
400	0.363
400	0.348
400	0.352
400	0.356
400	0.375
400	0.36
400	0.36
400	0.36
400	0.348
400	0.36
400	0.36
400	0.344
400	0.36
400	0.348
400	0.359
400	0.367
400	0.371
400	0.371
400	0.371
400	0.36
400	0.356
400	0.348
400	0.368
400	0.36
400	0.344
400	0.36
400	0.348
400	0.344
400	0.356
400	0.355
400	0.363
400	0.367
400	0.363
400	0.356
400	0.364
400	0.352
400	0.352
400	0.359
400	0.359
400	0.363
400	0.352
400	0.36
400	0.364
400	0.34
400	0.336
400	0.356
400	0.356
400	0.34
400	0.348
400	0.352
400	0.367
400	0.356
400	0.356
400	0.351
400	0.344
400	0.352
400	0.367
400	0.348
400	0.363
400	0.363
400	0.328
400	0.36
400	0.352
400	0.352
400	0.36
400	0.356
400	0.36
400	0.371
400	0.348
400	0.352
400	0.375
400	0.36
400	0.36
400	0.363
400	0.356
400	0.367
400	0.364
400	0.367
400	0.363
400	0.363
400	0.356
400	0.356
400	0.371
400	0.348
400	0.368
400	0.348
400	0.356
400	0.367
400	0.367
400	0.363
400	0.36
400	0.348
400	0.368
400	0.364
400	0.34
400	0.344
400	0.371
400	0.36
400	0.356
400	0.364
400	0.363
400	0.375
400	0.356
400	0.367
400	0.375
400	0.371
400	0.352
400	0.352
400	0.371
400	0.352
400	0.356
400	0.368
400	0.367
400	0.348
400	0.344
400	0.375
400	0.379
400	0.348
400	0.36
400	0.34
400	0.351
400	0.36
400	0.36
400	0.352
400	0.348
400	0.352
400	0.348
400	0.36
400	0.371
400	0.356
400	0.356
400	0.348
400	0.352
400	0.363
400	0.368
400	0.359
400	0.352
400	0.363
400	0.36
400	0.368
400	0.352
400	0.352
400	0.356
400	0.367
400	0.36
400	0.351
400	0.36
400	0.367
400	0.352
400	0.324
400	0.345
400	0.356
400	0.364
400	0.352
400	0.351
400	0.356
400	0.371
400	0.359
400	0.352
400	0.367
400	0.352
400	0.352
400	0.356
400	0.332
400	0.364
400	0.36
400	0.367
400	0.367
400	0.356
400	0.352
400	0.348
400	0.352
400	0.352
400	0.36
400	0.348
400	0.351
400	0.352
400	0.36
400	0.371
400	0.348
400	0.364
400	0.367
400	0.36
400	0.328
400	0.356
400	0.367
400	0.348
400	0.352
400	0.352
400	0.356
400	0.356
400	0.375
400	0.359
400	0.352
400	0.344
400	0.355
400	0.356
400	0.36
400	0.34
400	0.364
400	0.344
400	0.36
400	0.363
400	0.352
400	0.356
400	0.363
400	0.375
400	0.364
400	0.363
400	0.363
400	0.368
400	0.348
400	0.36
400	0.363
400	0.352
400	0.34
400	0.348
400	0.371
400	0.348
400	0.364
400	0.348
400	0.364
400	0.348
400	0.351
400	0.352
400	0.371
400	0.344
400	0.352
400	0.356
400	0.382
400	0.344
400	0.352
400	0.36
400	0.367
400	0.356
400	0.356
400	0.348
400	0.348
400	0.352
400	0.348
400	0.356
400	0.356
400	0.36
400	0.348
400	0.352
400	0.356
400	0.36
400	0.348
400	0.363
400	0.356
400	0.356
400	0.356
400	0.363
400	0.364
400	0.36
400	0.348
400	0.367
400	0.352
400	0.364
400	0.356
400	0.36
400	0.36
400	0.356
400	0.367
400	0.344
400	0.375
400	0.364
400	0.363
400	0.348
400	0.356
400	0.36
400	0.363
400	0.371
400	0.356
400	0.352
400	0.371
400	0.364
400	0.368
400	0.348
400	0.367
400	0.36
400	0.364
400	0.344
400	0.348
400	0.352
400	0.359
400	0.36
400	0.356
400	0.364
400	0.34
400	0.36
400	0.344
400	0.359
400	0.36
400	0.371
400	0.371
400	0.356
400	0.36
400	0.356
400	0.348
400	0.352
400	0.364
