	ADCYC	ADCYC	BM6506	BM6506	CELB9	CELB9	CERVID1	CERVID1	ETH152	ETH152	SBTD04 (3)	SBTD04 (3)	SBTD05 (4)	SBTD05 (4)	SBTD06 (2)	SBTD06 (2)	SBTD07 (5)	SBTD07 (5)	TGLA94	TGLA94
S15-2261	239	239	198	198	233	235	179	181	219	219	245	273	122	134	190	190	170	182	121	121
S15-2261	-99	-99	198	198	233	235	179	181	219	219	245	273	122	134	190	190	170	170	121	121
S15-2262	239	239	194	198	-99	-99	175	177	225	225	269	273	126	130	190	190	186	186	121	129
S15-2262	-99	-99	194	198	231	231	175	177	225	227	269	273	126	130	190	190	186	186	121	129
S15-2263	-99	-99	198	198	235	235	171	179	-99	-99	273	273	122	134	190	190	170	182	121	121
S15-2263	-99	-99	198	198	233	233	179	181	219	219	245	245	122	134	-99	-99	-99	-99	121	121
S15-2263	239	239	198	198	-99	-99	179	181	219	219	273	273	122	134	190	190	182	182	121	121
S15-2263	239	239	198	198	231	235	179	181	219	219	245	273	122	134	190	190	170	182	121	121
S15-2266	-99	-99	194	198	-99	-99	175	177	225	225	-99	-99	126	130	190	190	186	186	121	129
S15-2266	-99	-99	194	198	-99	-99	175	177	-99	-99	-99	-99	-99	-99	190	190	186	186	121	129
S15-2266	239	239	194	198	231	231	175	177	225	227	269	273	126	130	190	190	186	186	121	129
S15-2266	239	239	194	198	231	231	177	177	225	225	269	269	126	130	190	190	186	186	121	129
S15-2267	239	239	196	200	235	235	175	177	225	231	273	277	130	130	190	190	186	198	121	141
S15-2267	239	239	196	200	235	235	175	175	225	231	273	277	130	130	190	190	-99	-99	121	141
S15-2269	239	239	198	198	233	235	179	181	219	219	245	273	122	134	190	190	170	182	121	121
S15-2269	239	239	198	198	233	235	179	181	219	219	245	273	122	134	190	190	170	182	121	121
S15-2270	-99	-99	194	196	-99	-99	171	173	217	217	285	285	134	134	182	190	186	190	121	141
S15-2270	-99	-99	-99	-99	227	227	-99	-99	221	221	269	285	134	134	182	190	186	186	121	141
S15-2270	239	239	196	196	227	227	173	181	217	221	269	269	134	134	182	190	186	190	121	141
S15-2270	239	239	194	196	227	227	173	181	217	221	269	285	134	134	182	190	186	190	121	141
S15-2271	-99	-99	200	200	-99	-99	171	171	-99	-99	-99	-99	134	134	190	190	186	186	119	141
S15-2271	-99	-99	200	200	-99	-99	-99	-99	-99	-99	-99	-99	134	134	190	190	-99	-99	141	141
S15-2271	-99	-99	200	200	-99	-99	-99	-99	-99	-99	-99	-99	134	134	-99	-99	170	170	119	141
S15-2271	-99	-99	-99	-99	-99	-99	175	175	213	213	-99	-99	134	134	190	190	-99	-99	119	141
S15-2272	-99	-99	196	198	237	239	171	181	217	227	261	277	122	134	194	204	164	178	121	141
S15-2272	239	239	196	198	237	239	181	181	217	227	277	277	122	134	194	194	164	178	121	141
S15-2278	-99	-99	194	196	233	233	175	181	213	235	273	273	110	134	182	190	186	186	121	141
S15-2278	-99	-99	194	196	233	233	175	181	213	235	273	273	110	134	182	190	182	186	121	141
S15-2284	-99	-99	-99	-99	-99	-99	177	179	-99	-99	-99	-99	134	134	194	194	-99	-99	119	119
S15-2284	-99	-99	-99	-99	-99	-99	177	179	-99	-99	-99	-99	134	134	194	194	182	182	119	121
S15-2284	239	239	198	198	227	227	177	177	223	223	-99	-99	134	134	194	194	182	182	119	121
S15-2289	239	239	196	196	227	227	181	181	221	227	273	285	128	134	190	190	162	190	119	121
S15-2289	239	239	196	196	227	227	181	181	221	227	273	285	128	134	190	190	162	190	119	121
S15-2290	-99	-99	196	200	-99	-99	179	181	225	231	-99	-99	126	134	190	194	182	186	121	121
S15-2290	-99	-99	200	200	-99	-99	-99	-99	225	231	-99	-99	126	134	190	194	-99	-99	121	121
S15-2290	239	241	196	200	233	233	179	181	225	231	245	285	126	134	190	194	182	186	121	121
S15-2290	241	241	196	200	233	233	179	179	207	225	245	245	126	134	190	194	182	186	121	121
S15-2291	-99	-99	194	196	227	227	173	181	217	221	285	285	134	134	182	190	190	190	121	141
S15-2291	239	239	194	196	227	227	173	181	217	221	269	285	134	134	182	190	186	190	121	141
S15-2292	-99	-99	194	196	-99	-99	173	181	217	217	269	269	134	134	182	190	186	186	121	141
S15-2292	-99	-99	194	196	227	227	173	173	221	221	269	285	134	134	182	190	186	190	121	141
S15-2295	239	239	194	196	227	227	177	181	225	231	-99	-99	134	134	190	194	164	164	121	141
S15-2295	239	239	194	196	227	227	177	181	225	231	255	267	134	134	190	194	164	194	121	141
S15-2298	-99	-99	196	196	-99	-99	171	181	221	227	-99	-99	128	134	190	190	162	186	121	121
S15-2298	-99	-99	196	196	-99	-99	-99	-99	-99	-99	-99	-99	128	134	190	190	-99	-99	121	121
S15-2298	239	239	196	196	227	227	179	181	207	207	273	285	128	134	190	190	162	162	119	121
S15-2298	239	239	196	196	227	227	181	181	221	227	-99	-99	128	134	190	190	162	190	119	121
S15-2300	-99	-99	194	200	227	227	171	183	221	221	237	289	134	134	190	190	186	186	121	141
S15-2300	-99	-99	194	200	227	227	183	183	221	221	237	289	134	134	190	190	186	198	121	141
S15-2301	239	241	194	200	241	241	173	177	217	231	281	285	126	130	198	198	190	190	121	121
S15-2301	239	241	194	200	241	241	173	177	217	231	281	285	126	130	198	198	190	190	121	121
S15-2302	239	239	200	200	231	231	175	175	227	231	255	269	130	134	182	194	186	190	121	141
S15-2302	-99	-99	200	200	231	237	175	175	227	231	-99	-99	130	134	182	194	186	190	121	141
S15-2304	-99	-99	194	194	-99	-99	171	177	-99	-99	-99	-99	130	134	-99	-99	186	186	121	129
S15-2304	-99	-99	-99	-99	-99	-99	-99	-99	231	231	-99	-99	130	134	190	190	186	186	121	129
S15-2304	241	241	194	200	-99	-99	173	177	213	231	-99	-99	130	134	190	190	182	186	121	129
S15-2304	-99	-99	-99	-99	-99	-99	173	177	213	231	263	263	130	134	190	190	182	186	121	129
S15-2306	-99	-99	194	200	239	241	173	177	213	231	233	233	134	134	194	198	186	190	121	141
S15-2306	-99	-99	194	200	239	241	173	177	213	231	-99	-99	134	134	194	198	186	190	121	141
S15-2312	-99	-99	194	200	227	227	175	175	215	217	-99	-99	122	126	182	190	170	170	121	121
S15-2312	-99	-99	194	200	227	227	175	175	-99	-99	273	277	122	126	182	190	170	186	121	121
S15-2313	239	239	196	200	227	227	179	179	213	221	267	281	126	126	182	190	178	194	119	121
S15-2313	239	241	196	200	227	227	179	179	213	221	267	281	126	126	182	190	178	194	119	121
S15-2314	-99	-99	198	200	227	227	183	183	223	227	261	269	134	138	190	194	194	194	121	121
S15-2314	241	241	198	200	227	227	183	183	223	227	261	269	134	138	190	194	194	202	121	121
S15-2316	-99	-99	194	194	-99	-99	173	177	213	217	-99	-99	128	134	190	190	-99	-99	121	121
S15-2316	-99	-99	194	194	-99	-99	177	177	213	213	-99	-99	128	134	190	190	-99	-99	121	121
S15-2316	241	241	194	194	229	241	173	177	213	217	281	285	128	134	190	190	190	194	121	121
S15-2316	241	241	194	194	229	241	173	177	213	217	281	285	128	134	190	190	190	194	121	121
S15-2317	-99	-99	194	194	-99	-99	175	175	-99	-99	-99	-99	130	134	190	190	-99	-99	121	121
S15-2317	-99	-99	194	194	-99	-99	173	175	213	213	-99	-99	130	134	190	198	-99	-99	121	121
S15-2317	241	241	194	194	227	241	175	175	213	217	285	285	130	134	190	198	186	190	121	121
S15-2317	241	241	194	194	241	241	173	175	213	213	-99	-99	130	134	190	198	186	190	121	121
S15-2319	-99	-99	204	204	-99	-99	173	175	-99	-99	-99	-99	130	134	190	190	186	186	121	121
S15-2319	241	241	194	194	227	227	173	175	213	213	-99	-99	130	134	190	198	186	190	121	121
S15-2319	241	241	194	194	227	241	173	175	217	217	285	285	130	134	198	198	186	190	121	121
S15-2320	239	239	196	196	227	233	175	175	213	219	269	281	134	138	190	194	186	190	121	141
S15-2320	239	239	196	196	227	233	175	175	213	219	269	281	134	138	190	194	186	190	121	141
S15-2321	241	241	198	200	227	227	183	183	223	227	261	269	134	138	190	194	194	202	121	121
S15-2321	241	241	198	200	227	227	183	183	223	227	261	269	134	138	190	194	194	202	121	121
S15-2323	241	241	194	198	227	227	177	183	213	223	269	285	134	138	190	190	182	202	121	129
S15-2323	241	241	194	198	227	227	177	183	213	223	269	285	134	138	190	190	182	202	121	129
S15-2324	239	239	200	202	231	233	161	161	213	217	255	277	126	138	190	194	182	182	119	141
S15-2324	239	239	200	202	231	233	161	161	213	217	255	277	126	138	190	194	160	182	119	141
S15-2326	241	241	194	194	227	227	173	175	213	217	263	285	130	134	190	198	186	190	121	121
S15-2326	241	241	194	194	227	241	173	175	213	217	263	285	130	134	190	198	186	190	121	121
S15-2327	-99	-99	-99	-99	-99	-99	171	183	223	227	-99	-99	138	138	194	194	-99	-99	121	121
S15-2327	-99	-99	-99	-99	-99	-99	183	183	-99	-99	-99	-99	138	138	190	194	-99	-99	121	121
S15-2327	241	241	198	200	227	227	183	183	223	227	-99	-99	134	138	190	194	194	202	121	121
S15-2327	-99	-99	198	200	-99	-99	183	183	-99	-99	-99	-99	134	138	190	194	-99	-99	121	121
S15-2328	241	241	198	200	227	227	183	183	223	227	261	269	134	138	190	194	194	202	121	121
S15-2328	241	241	198	200	227	227	183	183	223	227	261	269	134	138	190	194	202	202	121	121
S15-2329	-99	-99	194	198	227	227	177	183	213	213	-99	-99	134	138	190	190	182	182	121	129
S15-2329	-99	-99	194	198	227	227	177	183	-99	-99	-99	-99	134	138	190	190	182	182	121	129
S15-2330	-99	-99	198	198	227	233	183	183	219	227	269	277	126	134	190	194	-99	-99	121	121
S15-2330	-99	-99	198	198	227	233	183	183	219	227	277	277	126	134	190	194	194	202	121	121
S15-2331	-99	-99	194	200	239	241	173	177	213	231	263	263	134	134	194	198	186	190	121	141
S15-2331	239	241	194	200	239	241	173	177	213	231	233	263	110	134	194	198	186	190	121	141
S15-2332	-99	-99	198	200	-99	-99	171	183	-99	-99	261	261	134	138	190	194	-99	-99	121	121
S15-2332	-99	-99	198	198	227	227	183	183	227	227	261	261	134	138	190	194	-99	-99	121	121
S15-2332	241	241	198	200	227	227	183	183	227	227	269	269	134	138	190	194	202	202	121	121
S15-2332	241	241	198	200	-99	-99	-99	-99	223	227	269	269	134	138	190	194	194	202	121	121
S15-2334	-99	-99	198	198	227	227	183	183	223	227	261	269	134	138	190	194	202	202	121	121
S15-2334	241	241	198	200	227	227	181	183	227	227	261	269	134	138	190	194	194	202	121	121
S15-2335	-99	-99	200	200	-99	-99	171	171	-99	-99	-99	-99	138	138	190	190	-99	-99	121	121
S15-2335	241	241	198	198	227	227	177	177	-99	-99	-99	-99	126	138	190	190	-99	-99	121	121
S15-2335	-99	-99	198	198	-99	-99	-99	-99	-99	-99	-99	-99	138	138	190	190	-99	-99	121	121
S15-2336	-99	-99	198	198	227	227	177	177	217	227	-99	-99	126	138	190	194	178	202	121	121
S15-2336	239	239	198	198	227	227	177	177	217	227	-99	-99	126	138	190	194	178	202	121	121
S15-2337	-99	-99	196	198	233	233	177	177	219	219	-99	-99	126	130	190	194	178	178	121	121
S15-2337	-99	-99	196	198	-99	-99	177	177	227	227	-99	-99	126	130	190	194	178	202	121	121
S15-2338	-99	-99	200	200	227	227	175	175	-99	-99	-99	-99	122	126	182	190	-99	-99	121	121
S15-2338	-99	-99	194	200	-99	-99	175	175	215	217	273	273	122	126	182	190	-99	-99	121	121
S15-2338	241	241	194	200	227	227	175	175	215	217	273	277	122	126	182	190	170	186	121	121
S15-2338	241	241	194	200	227	227	175	175	215	217	273	277	122	126	182	190	170	186	121	121
S15-2341	241	241	194	198	227	227	177	183	213	223	269	285	134	138	190	190	182	202	121	129
S15-2341	241	241	194	198	227	227	177	183	-99	-99	269	285	134	138	190	190	182	202	121	129
S15-2342	241	241	194	198	227	227	177	183	213	223	269	285	134	138	190	190	182	202	121	129
S15-2342	241	241	194	198	227	227	177	183	213	223	269	285	134	138	190	190	182	202	121	129
S15-2343	241	241	194	198	227	227	177	183	213	223	269	285	134	138	190	190	182	202	121	129
S15-2343	241	241	194	198	227	227	177	183	213	213	269	285	134	138	190	190	182	202	121	129
S15-2344	241	241	198	200	227	227	183	183	223	227	261	269	134	138	190	194	194	202	121	121
S15-2344	241	241	198	200	227	227	183	183	223	227	261	269	134	138	190	194	194	202	121	121
S15-2345	-99	-99	198	200	227	227	177	183	223	227	289	289	126	138	190	190	202	202	121	121
S15-2345	-99	-99	198	200	227	227	177	183	223	227	269	289	126	138	190	190	202	202	121	121
S15-2346	-99	-99	194	198	227	227	171	183	213	213	-99	-99	134	138	190	190	-99	-99	121	129
S15-2346	-99	-99	194	198	227	227	177	183	213	223	269	269	134	138	190	190	182	182	121	129
S15-2348	-99	-99	194	194	227	241	173	175	213	217	263	263	130	134	190	198	186	186	121	121
S15-2348	239	241	194	194	227	241	173	175	213	217	263	285	130	134	190	198	186	186	121	121
S15-2351	241	241	194	200	241	241	173	177	217	231	281	285	126	130	198	198	190	190	121	121
S15-2351	239	241	194	200	241	241	173	177	217	231	281	285	126	130	198	198	190	190	121	121
S15-2352	-99	-99	194	194	227	241	173	175	213	217	263	285	130	134	190	198	164	186	121	121
S15-2352	241	241	194	194	227	241	173	175	213	217	263	285	130	134	190	198	186	186	121	121
S15-2353	-99	-99	194	194	-99	-99	171	175	-99	-99	-99	-99	110	130	190	198	-99	-99	121	141
S15-2353	-99	-99	194	194	-99	-99	-99	-99	227	231	-99	-99	110	130	190	190	174	174	121	141
S15-2353	241	241	194	194	-99	-99	175	175	213	213	261	285	110	130	190	194	174	190	121	141
S15-2354	239	239	196	196	227	233	175	175	213	219	269	269	134	138	190	194	186	186	121	141
S15-2354	239	239	196	196	227	233	175	175	213	219	269	269	134	138	190	194	186	190	121	141
S15-2355	-99	-99	194	200	241	241	173	177	217	231	281	285	126	130	194	198	190	190	121	121
S15-2355	239	241	194	200	241	241	173	177	217	231	281	285	126	130	198	198	190	190	121	121
S15-2356	-99	-99	194	198	227	227	177	183	213	223	269	285	134	138	190	190	182	202	121	129
S15-2356	241	241	194	198	227	227	177	183	213	223	269	285	134	138	190	190	182	202	121	129
S15-2358	-99	-99	198	200	231	231	171	181	-99	-99	-99	-99	126	138	198	198	178	190	121	121
S15-2358	-99	-99	198	200	231	231	181	181	219	223	269	269	126	138	194	198	178	190	121	121
S15-2358	241	241	198	200	227	231	171	181	219	223	269	269	126	138	194	198	178	190	121	121
S15-2358	241	241	200	200	227	231	181	181	219	223	269	269	126	138	194	198	178	190	121	121
S15-2363	-99	-99	196	196	-99	-99	175	175	-99	-99	-99	-99	126	128	190	194	-99	-99	121	121
S15-2363	-99	-99	196	200	227	227	175	175	225	227	245	245	126	128	190	194	194	194	119	121
S15-2363	239	241	196	200	227	227	173	175	227	227	245	245	128	128	190	194	194	194	119	121
S15-2363	239	241	196	200	227	227	173	175	227	227	245	265	128	128	190	194	194	194	119	121
S15-2364	-99	-99	198	200	231	231	161	161	219	221	261	261	134	138	190	190	182	182	121	121
S15-2364	-99	-99	198	200	231	233	161	161	221	221	261	261	134	138	190	190	182	190	121	121
S15-2367	-99	-99	194	196	-99	-99	171	177	219	219	-99	-99	128	128	198	198	190	190	141	141
S15-2367	-99	-99	196	196	-99	-99	177	177	-99	-99	263	263	128	128	198	198	190	194	141	141
S15-2367	239	241	194	194	231	231	177	177	219	219	261	263	128	128	190	190	190	190	141	141
S15-2367	239	239	196	196	-99	-99	177	177	219	225	-99	-99	128	128	190	198	190	190	141	141
S15-2377	-99	-99	200	200	-99	-99	171	171	-99	-99	-99	-99	128	130	190	190	-99	-99	121	141
S15-2377	239	239	200	200	227	227	-99	-99	229	229	-99	-99	128	130	190	190	186	190	121	141
S15-2377	239	239	196	200	-99	-99	175	175	225	229	269	269	128	130	190	190	186	190	121	141
S15-2377	239	239	196	200	227	227	175	175	225	229	269	277	128	130	190	190	186	190	121	141
S15-2381	-99	-99	196	198	231	231	161	161	225	231	281	281	122	126	190	194	178	186	121	129
S15-2381	-99	-99	196	198	231	231	161	161	225	231	255	281	122	126	190	194	178	186	121	129
S15-2382	-99	-99	196	198	231	231	161	161	225	231	255	281	122	126	190	194	178	186	121	129
S15-2382	239	241	196	198	231	231	161	161	225	231	255	281	122	126	190	194	178	186	121	129
S15-2383	239	239	196	198	231	231	161	161	225	231	255	281	122	126	190	194	178	186	121	129
S15-2383	239	241	196	198	231	231	161	161	225	231	255	281	122	126	190	194	178	186	121	129
S15-2385	-99	-99	194	200	227	227	175	175	213	225	273	277	110	126	190	194	190	190	121	121
S15-2385	239	241	194	200	227	231	175	175	213	225	277	277	110	126	190	194	190	190	121	121
S15-2386	-99	-99	198	200	231	233	171	183	219	219	277	277	134	134	190	194	182	182	119	121
S15-2386	-99	-99	198	200	231	233	183	183	219	231	-99	-99	134	134	190	194	182	182	119	121
S15-2386	239	239	198	200	231	233	181	183	219	231	269	277	134	134	190	194	182	182	119	121
S15-2386	239	239	198	200	231	233	181	183	219	231	269	277	134	134	190	194	182	182	119	121
S15-2387	239	239	-99	-99	231	233	181	183	219	231	269	277	134	134	190	194	182	182	119	119
S15-2387	239	239	198	200	231	233	181	183	219	231	269	277	134	134	190	194	182	182	119	121
S15-2388	-99	-99	196	198	231	231	171	179	223	231	255	255	122	126	194	198	186	190	121	129
S15-2388	-99	-99	198	198	231	231	179	179	231	231	-99	-99	122	126	194	198	186	190	121	129
S15-2388	239	241	196	198	231	231	179	179	223	231	255	281	122	126	194	198	186	190	121	129
S15-2388	241	241	196	198	231	231	159	179	223	231	255	281	122	126	194	198	186	190	121	129
S15-2398	239	239	194	194	-99	-99	173	179	225	225	-99	-99	128	134	190	190	178	186	119	121
S15-2404	-99	-99	196	200	233	233	173	177	225	225	-99	-99	128	134	190	194	164	190	121	121
S15-2404	-99	-99	196	200	-99	-99	173	177	225	227	249	249	128	134	190	194	164	190	121	121
S15-2409	-99	-99	196	200	233	233	171	173	225	225	249	255	128	134	190	194	164	190	121	121
S15-2409	-99	-99	196	200	-99	-99	173	177	-99	-99	-99	-99	128	134	-99	-99	164	190	121	121
S15-2409	239	239	196	200	-99	-99	173	177	225	227	249	255	128	134	190	194	164	190	121	121
S15-2412	239	239	200	200	235	235	181	181	225	225	269	277	122	126	190	194	178	186	121	121
S15-2412	239	239	196	200	235	235	181	183	225	225	269	277	122	126	190	194	178	186	121	121
S15-2418	241	241	196	198	-99	-99	173	181	225	227	261	261	134	134	190	190	190	194	121	121
S15-2418	241	241	196	196	-99	-99	173	181	207	207	261	261	134	134	190	190	190	190	121	121
S15-2422	-99	-99	196	198	231	237	171	171	217	221	269	269	122	126	198	198	170	170	119	141
S15-2422	241	241	196	198	231	237	-99	-99	217	221	269	269	126	126	198	198	170	202	119	141
S15-2423	-99	-99	198	204	227	227	171	177	221	221	-99	-99	126	126	190	198	170	170	141	141
S15-2423	-99	-99	198	204	-99	-99	177	177	-99	-99	-99	-99	126	126	190	198	170	182	141	141
S15-2423	241	241	198	204	227	231	177	177	207	225	263	269	126	126	190	198	170	182	141	141
S15-2423	241	241	198	204	227	231	-99	-99	221	225	263	269	126	126	190	198	154	170	141	141
S15-2426	-99	-99	200	200	227	229	171	171	-99	-99	-99	-99	128	128	182	182	-99	-99	121	141
S15-2426	-99	-99	198	198	-99	-99	-99	-99	-99	-99	-99	-99	128	134	182	194	-99	-99	121	141
S15-2426	241	241	200	200	227	233	-99	-99	215	219	253	265	128	134	-99	-99	182	182	121	141
S15-2428	-99	-99	194	196	227	227	167	173	223	227	265	269	138	138	182	190	182	182	121	121
S15-2428	239	241	194	196	227	227	167	173	223	227	265	269	138	138	182	190	182	182	121	121
S15-2431	-99	-99	196	200	227	233	171	181	219	223	253	265	128	134	182	194	182	182	121	141
S15-2431	239	241	196	200	227	233	181	181	219	223	253	265	128	134	182	194	182	182	121	141
S15-2432	-99	-99	196	198	-99	-99	171	181	-99	-99	-99	-99	128	134	182	194	182	182	121	141
S15-2432	-99	-99	196	196	227	233	179	181	219	219	253	253	128	134	182	194	182	182	121	141
S15-2432	241	241	196	200	227	233	181	181	219	219	253	253	128	134	182	194	182	182	121	141
S15-2432	241	241	196	200	227	233	181	181	223	223	253	265	128	134	182	194	182	182	121	141
S15-2433	-99	-99	196	200	227	233	181	181	219	223	-99	-99	128	134	182	194	182	182	121	141
S15-2433	239	239	196	200	227	233	181	181	219	223	253	253	128	134	182	194	182	182	121	141
S15-2433	239	241	196	200	227	233	179	181	219	223	253	265	128	134	182	194	182	182	121	141
S15-2433	239	241	196	200	227	233	159	181	219	223	253	265	128	134	182	194	182	182	121	141
S15-2435	-99	-99	194	196	227	227	167	173	223	227	265	269	134	138	182	190	182	182	121	121
S15-2435	239	241	194	196	227	227	167	173	223	227	265	269	138	138	182	190	182	182	121	121
S15-2462	239	241	196	196	227	227	161	177	223	231	-99	-99	128	134	182	190	174	190	121	141
S15-2462	239	241	196	196	227	227	161	177	223	231	273	273	128	134	182	190	174	190	121	141
S15-2483	239	239	194	196	227	231	177	177	225	225	-99	-99	126	134	190	198	186	190	121	141
S15-2483	-99	-99	196	196	227	225	177	177	-99	-99	237	237	126	134	190	198	186	190	121	141
S15-2485	239	239	194	194	227	227	161	171	213	213	277	285	128	134	182	194	182	182	119	121
S15-2485	239	239	194	200	227	227	171	171	213	213	-99	-99	128	134	182	182	182	182	119	121
S15-2485	239	239	194	198	233	233	171	171	219	229	277	277	126	134	190	190	186	186	141	141
S15-2486	239	239	196	196	227	241	177	181	223	223	273	277	134	134	182	190	174	178	121	121
S15-2486	239	241	196	196	227	241	177	181	223	223	273	277	134	134	182	190	174	178	121	121
S15-2498	241	241	196	196	227	233	173	175	221	223	253	277	126	134	182	194	178	190	119	121
S15-2498	241	241	196	196	227	233	173	175	221	223	253	277	126	134	182	194	178	190	119	121
S15-2499	241	241	198	200	235	235	171	171	219	223	-99	-99	126	128	190	194	178	182	121	121
S15-2499	241	241	198	200	235	235	171	171	219	223	277	277	126	128	190	194	178	182	121	121
S15-2500	241	241	196	196	227	233	173	175	223	223	253	277	126	134	182	194	178	190	119	121
S15-2500	241	241	196	196	227	227	173	175	221	223	253	277	126	134	182	194	178	190	119	121
S15-2501	239	241	196	196	227	227	161	177	223	231	273	273	128	134	182	190	174	190	121	141
S15-2501	239	241	196	196	227	227	161	177	223	231	273	273	128	134	182	190	174	190	121	141
S15-2502	239	239	194	196	227	231	177	177	225	227	237	269	126	134	190	198	186	190	121	141
S15-2502	239	239	194	196	227	231	177	177	225	227	237	269	126	134	190	198	186	190	121	141
S15-2503	239	239	196	196	227	231	159	173	227	231	253	253	122	138	190	190	178	182	119	121
S15-2503	239	239	196	196	-99	-99	159	173	227	227	-99	-99	122	138	190	190	178	178	119	121
S15-2504	241	241	196	196	227	231	173	173	213	219	277	289	134	134	190	194	182	198	121	121
S15-2504	241	241	196	196	227	231	173	173	213	219	277	289	134	134	190	194	-99	-99	121	121
S15-2505	-99	-99	196	196	227	231	173	173	-99	-99	-99	-99	122	138	190	190	-99	-99	119	121
S15-2505	239	239	196	196	227	227	159	159	-99	-99	-99	-99	122	122	190	190	182	182	119	121
S15-2505	-99	-99	196	198	-99	-99	173	179	221	221	-99	-99	128	134	190	198	-99	-99	121	141
S15-2505	-99	-99	196	198	-99	-99	173	179	221	227	261	261	128	134	190	198	-99	-99	121	141
S15-2507	239	239	200	200	227	233	159	161	219	231	253	255	122	134	190	194	178	178	119	121
S15-2507	239	239	200	200	227	233	159	161	219	231	253	255	122	134	190	194	178	178	119	121
S15-2509	239	239	200	200	227	233	159	161	219	231	253	255	122	134	190	194	178	178	119	121
S15-2509	239	239	200	200	227	233	159	161	219	231	253	255	122	134	190	194	178	178	119	121
S15-2510	239	239	200	200	227	233	159	161	219	231	253	255	122	134	190	194	178	178	119	121
S15-2510	239	239	200	200	227	233	159	161	219	231	253	255	122	134	190	194	178	178	119	121
S15-2511	241	241	198	198	233	241	177	177	213	219	265	273	126	130	182	194	164	178	121	121
S15-2511	241	241	198	198	233	241	177	177	213	219	265	273	126	130	182	194	164	178	121	121
S15-2512	239	239	196	200	227	235	175	177	221	227	269	269	126	134	190	190	190	190	121	121
S15-2512	239	239	196	200	227	235	175	177	221	227	269	273	126	134	190	190	190	190	121	121
S15-2513	239	239	196	200	235	235	173	177	219	227	245	245	126	134	190	198	182	190	121	141
S15-2513	239	239	-99	-99	235	235	173	177	219	227	245	273	126	134	190	198	182	190	121	141
S15-2514	239	241	196	198	227	239	179	179	219	231	269	269	130	130	190	198	178	194	119	121
S15-2514	239	241	196	198	227	239	179	179	219	231	269	269	130	130	190	198	178	194	119	121
S15-2515	239	239	198	198	233	233	179	179	213	231	273	273	128	128	182	194	164	164	121	141
S15-2515	239	241	196	198	233	233	177	179	213	231	-99	-99	128	130	182	194	164	198	121	141
S15-2516	239	239	196	200	227	235	175	177	221	227	269	273	126	134	190	190	190	190	121	121
S15-2516	239	239	196	200	227	235	175	177	221	227	269	273	-99	-99	190	190	190	190	121	121
S15-2517	239	239	196	196	235	235	175	175	227	227	-99	-99	126	134	190	190	190	190	121	121
S15-2517	-99	-99	196	196	227	235	175	177	-99	-99	-99	-99	126	134	190	190	190	190	121	121
S15-2521	239	239	196	200	227	235	175	177	221	227	269	273	126	134	190	190	190	190	121	121
S15-2521	239	239	196	200	227	235	175	177	221	227	269	273	126	134	190	190	190	190	121	121
S15-2522	239	239	200	200	227	231	179	179	213	217	269	277	130	138	190	194	164	190	119	121
S15-2522	239	239	196	200	227	231	175	179	213	217	269	277	130	138	190	194	164	190	119	121
S15-2524	239	239	198	198	227	229	173	175	225	227	-99	-99	122	128	190	198	164	182	121	141
S15-2524	239	239	194	198	227	229	173	175	227	227	277	277	122	128	190	198	164	182	121	141
S15-2525	239	239	194	204	227	227	175	175	225	225	255	269	134	134	190	190	178	194	121	121
S15-2525	239	239	194	204	227	227	175	175	225	227	255	269	134	134	190	190	178	194	121	121
S15-2526	239	239	194	204	227	227	175	175	225	225	255	269	134	134	190	190	178	194	121	121
S15-2526	239	239	194	204	227	227	175	175	225	225	255	269	134	134	190	190	178	194	121	121
S15-2527	239	239	194	200	227	227	175	175	225	225	277	277	134	134	182	190	178	178	121	141
S15-2527	239	239	194	194	227	227	175	175	225	231	-99	-99	134	134	182	190	178	178	121	141
S15-2531	239	239	194	198	227	229	173	175	225	227	273	277	122	128	190	198	164	182	121	141
S15-2531	239	239	194	198	227	229	173	175	225	227	273	277	122	128	190	198	164	182	121	141
S15-2533	239	241	196	200	227	227	177	177	227	231	253	255	126	134	186	186	178	190	121	121
S15-2533	239	241	196	200	227	227	177	177	227	231	253	255	126	134	186	186	178	190	121	121
S15-2534	239	239	194	198	227	229	173	175	225	225	-99	-99	122	128	190	198	164	182	121	141
S15-2534	239	239	194	198	229	229	173	175	225	225	273	273	122	128	190	198	164	182	121	141
S15-2537	239	239	194	198	227	229	173	175	225	227	273	277	122	128	190	198	164	182	121	141
S15-2537	239	239	194	198	227	229	173	175	225	227	273	277	122	128	190	198	164	182	121	141
S15-2538	241	241	194	200	227	227	175	187	225	225	247	255	134	134	182	190	178	178	121	141
S15-2538	239	241	194	200	227	227	175	187	225	227	247	255	134	134	182	190	178	178	121	141
S15-2539	239	239	194	204	227	227	175	175	225	225	-99	-99	134	134	190	190	178	194	121	121
S15-2539	239	239	194	204	227	227	175	175	225	225	255	255	134	134	190	190	178	194	121	121
S15-2540	239	239	196	200	231	239	177	179	227	227	269	269	134	134	186	190	164	182	121	121
S15-2540	239	241	196	200	231	239	177	179	227	227	269	273	134	134	186	190	164	182	121	121
S15-2543	239	241	194	196	233	239	173	177	227	227	273	273	126	134	186	190	164	186	121	141
S15-2543	239	241	194	196	233	239	173	177	227	227	273	273	126	134	186	190	164	186	121	141
S15-2545	-99	-99	194	194	227	227	171	171	225	225	-99	-99	134	134	190	190	178	178	121	121
S15-2545	-99	-99	-99	-99	227	227	-99	-99	-99	-99	-99	-99	134	134	190	190	194	194	121	121
S15-2545	239	239	196	196	233	233	161	175	219	229	269	269	126	134	182	190	178	190	121	121
S15-2545	239	239	196	196	233	233	161	175	219	229	269	269	126	134	182	190	178	190	121	121
S15-2546	239	239	194	200	227	227	175	175	225	231	255	277	134	134	182	190	178	178	121	141
S15-2546	239	239	194	200	227	227	175	175	225	231	255	277	134	134	182	190	178	178	121	141
S15-2547	239	241	198	204	227	227	175	187	219	225	269	269	128	134	190	190	182	194	121	141
S15-2547	239	241	198	204	227	227	175	187	219	225	269	269	128	134	190	190	182	194	121	141
S15-2548	239	239	196	196	231	231	179	179	223	223	-99	-99	122	138	190	190	-99	-99	121	121
S15-2548	239	239	196	196	231	233	175	179	-99	-99	-99	-99	-99	-99	190	190	202	202	121	121
S15-2549	239	239	198	202	227	233	161	161	213	225	277	277	126	134	190	198	190	194	121	141
S15-2549	-99	-99	198	202	227	233	161	175	213	213	277	277	126	134	190	198	190	190	121	141
S15-2550	239	239	198	202	227	227	161	175	213	225	277	277	126	134	190	198	194	194	121	141
S15-2550	239	239	-99	-99	227	233	161	175	213	225	277	277	126	134	190	190	190	194	121	141
S15-2551	239	239	196	200	227	235	175	177	221	227	-99	-99	126	134	190	190	190	190	121	121
S15-2551	239	239	196	200	227	235	175	177	221	227	269	269	126	134	190	190	190	190	121	121
S15-2553	239	241	196	198	227	239	179	179	219	231	269	269	130	130	190	198	178	194	119	121
S15-2553	239	241	196	198	227	239	179	179	219	231	269	269	130	130	190	198	178	194	119	121
S15-2554	239	239	196	200	227	235	175	177	221	227	-99	-99	126	134	190	190	190	190	121	121
S15-2554	239	239	196	200	227	235	175	177	221	227	269	273	126	134	190	190	190	190	121	121
S15-2555	239	241	196	198	227	239	179	179	219	231	269	269	130	130	190	198	178	194	119	121
S15-2555	239	241	196	198	227	239	179	179	219	231	269	269	130	130	190	198	178	194	119	121
S15-2556	239	241	196	200	227	229	173	175	219	225	245	273	126	128	190	198	182	190	141	141
S15-2556	239	241	196	200	227	229	173	175	219	225	245	273	126	128	190	198	182	190	141	141
S15-2557	239	239	194	200	227	227	175	175	225	225	255	277	134	134	182	190	178	178	121	141
S15-2557	239	239	194	200	227	227	175	175	225	231	255	277	134	134	182	190	178	178	121	141
S15-2561	239	239	196	200	227	235	175	177	221	227	269	273	126	134	190	190	190	190	121	121
S15-2561	239	239	196	200	227	235	175	177	221	227	269	273	126	134	190	190	190	190	121	121
S15-2568	-99	-99	204	204	-99	-99	-99	-99	219	219	-99	-99	-99	-99	-99	-99	194	194	121	141
S15-2568	241	241	194	198	227	233	179	181	225	229	-99	-99	134	134	190	198	164	190	121	121
S15-2568	241	241	194	198	227	233	179	181	225	229	-99	-99	134	134	190	198	154	164	121	121
S15-2570	239	241	194	194	227	231	175	177	213	225	-99	-99	134	134	190	194	190	194	121	121
S15-2570	239	241	194	194	227	231	175	177	213	225	-99	-99	134	134	190	194	190	194	121	121
S15-2586	239	241	196	198	227	231	173	173	225	231	261	277	130	134	190	190	178	182	121	141
S15-2586	239	239	196	198	227	231	173	179	225	231	261	261	130	134	190	190	178	182	121	141
S15-2591	241	241	198	198	233	233	181	181	213	223	269	269	134	134	190	190	-99	-99	121	141
S15-2591	241	241	198	198	233	233	171	181	-99	-99	-99	-99	134	134	190	194	190	194	121	141
S15-2592	241	241	198	198	233	233	177	179	-99	-99	-99	-99	128	130	182	194	164	164	121	141
S15-2592	239	241	196	198	233	233	177	179	213	231	261	273	128	130	182	194	164	164	121	141
S15-2595	239	241	200	200	233	239	175	177	219	231	261	261	130	134	190	194	164	178	121	141
S15-2595	239	241	196	200	233	239	175	177	219	231	261	261	130	134	190	194	164	178	121	141
S15-2600	241	241	196	198	233	233	177	177	231	231	261	261	128	128	182	194	164	164	121	141
S15-2600	241	241	198	198	233	233	177	179	213	231	261	261	-99	-99	182	194	164	164	121	141
S15-2601	239	241	198	198	233	233	171	181	213	223	273	273	134	134	190	194	190	194	121	141
S15-2601	239	241	198	198	233	233	171	181	213	223	273	273	134	134	190	194	190	194	121	141
S15-2603	241	241	194	200	-99	-99	175	177	219	223	-99	-99	134	134	190	190	182	190	119	141
S15-2603	239	241	194	200	227	227	175	177	219	223	281	281	134	134	190	190	-99	-99	119	141
S15-2604	239	239	-99	-99	227	235	177	177	221	227	-99	-99	126	134	190	190	190	190	121	121
S15-2604	239	239	196	200	227	235	175	177	221	227	269	273	126	134	190	190	190	190	121	121
S15-2605	239	239	196	200	227	235	175	177	221	221	269	273	126	134	190	190	190	190	121	121
S15-2605	239	239	196	200	227	235	175	177	221	221	273	273	126	134	190	190	190	190	121	121
S15-2609	239	241	194	200	227	227	175	177	219	223	273	281	134	134	190	190	182	190	119	141
S15-2609	241	241	194	200	227	227	175	177	219	223	273	281	134	134	190	190	182	190	119	141
S15-2610	241	241	196	196	227	227	-99	-99	-99	-99	-99	-99	126	126	190	190	-99	-99	119	121
S15-2610	-99	-99	194	194	-99	-99	-99	-99	227	227	-99	-99	126	126	190	190	-99	-99	119	121
S15-2610	239	241	196	198	227	239	175	175	219	231	255	273	126	134	190	190	190	190	119	119
S15-2610	239	241	196	198	227	239	175	175	219	231	255	273	126	134	190	190	190	190	119	119
S15-2611	239	239	200	204	227	227	177	177	217	225	255	269	134	144	182	190	178	182	121	129
S15-2611	239	239	200	204	227	227	177	177	217	225	255	269	134	144	182	190	178	182	121	129
S15-2619	239	241	196	200	227	233	181	181	219	223	253	265	128	134	182	194	182	182	121	141
S15-2619	239	241	196	200	227	233	181	181	219	223	253	265	128	134	182	194	182	182	121	141
S15-2620	-99	-99	196	196	227	227	-99	-99	-99	-99	-99	-99	-99	-99	194	194	-99	-99	121	141
S15-2620	239	239	-99	-99	-99	-99	-99	-99	219	219	-99	-99	128	128	194	194	182	182	121	141
S15-2620	239	241	196	196	227	227	161	177	223	231	-99	-99	128	134	182	190	174	190	121	141
S15-2620	239	241	196	196	227	227	161	177	223	231	-99	-99	128	134	182	190	174	190	121	141
S15-2621	239	239	196	200	227	227	177	177	213	213	261	261	126	128	190	194	190	194	121	141
S15-2621	239	239	196	200	227	227	177	181	213	227	261	261	126	128	190	194	190	194	121	141
S15-2623	239	239	196	198	227	227	173	181	223	223	245	255	122	126	190	194	178	190	121	141
S15-2623	239	239	196	198	227	227	173	181	223	223	245	255	122	126	190	194	178	190	121	141
S15-2628	239	239	194	198	227	227	177	181	227	227	253	273	126	134	182	190	182	186	119	121
S15-2628	239	239	194	198	227	227	177	181	227	227	253	273	126	134	182	190	182	186	119	121
S15-2637	239	239	194	198	227	227	177	181	227	227	253	273	126	134	182	190	182	186	119	121
S15-2637	239	239	194	198	227	227	177	181	227	227	253	273	126	134	182	190	182	186	119	121
S15-2638	239	239	194	194	227	227	177	177	227	227	-99	-99	126	134	182	190	182	186	119	121
S15-2638	239	239	194	198	227	227	177	181	227	227	253	273	126	134	182	190	182	186	119	121
S15-2649	239	241	198	198	227	235	173	177	223	231	255	265	122	126	190	194	178	194	121	141
S15-2649	239	241	198	198	227	235	173	177	223	231	255	265	122	126	190	194	178	194	121	141
S15-2658	239	241	196	198	227	227	185	187	219	231	273	273	134	134	190	194	182	194	119	121
S15-2658	239	241	196	198	227	227	181	187	219	231	273	273	134	134	190	194	182	194	119	121
S15-2661	239	241	194	196	235	235	161	171	227	231	263	269	128	128	190	194	182	186	121	121
S15-2661	239	241	194	196	235	235	161	171	227	231	263	269	128	128	190	194	182	186	121	121
S15-2662	239	241	196	196	235	235	161	177	227	231	269	269	126	134	190	194	182	186	121	141
S15-2662	239	241	196	196	235	235	161	177	227	231	269	269	126	134	190	194	182	186	121	141
S15-2663	241	241	196	198	227	227	187	187	217	219	-99	-99	134	134	190	194	182	194	119	121
S15-2663	241	241	196	198	227	227	185	187	219	231	-99	-99	134	134	190	194	-99	-99	119	121
S15-2664	239	239	194	198	233	233	171	171	219	229	277	277	126	134	190	190	186	186	141	141
S15-2664	239	239	194	198	233	233	171	171	219	229	277	277	126	134	190	190	186	186	141	141
S15-2667	239	241	196	198	227	227	185	187	219	231	273	273	134	134	190	194	182	194	119	121
S15-2667	239	241	196	198	227	227	181	187	219	231	273	273	134	134	190	194	182	194	119	121
S15-2669	239	239	198	198	231	233	177	177	217	225	261	277	126	130	190	190	178	194	121	141
S15-2669	239	239	198	198	231	233	177	177	217	225	261	277	126	130	190	190	178	194	121	141
S15-2672	239	239	-99	-99	229	241	-99	-99	-99	-99	-99	-99	128	134	182	182	-99	-99	121	121
S15-2672	239	239	-99	-99	229	229	-99	-99	217	219	-99	-99	128	134	182	190	-99	-99	121	121
S15-2672	241	241	196	196	227	233	173	175	221	223	253	277	126	134	182	194	178	190	119	121
S15-2672	241	241	196	196	227	233	173	175	221	223	253	277	126	134	182	194	178	190	119	121
S15-2673	-99	-99	200	200	229	229	-99	-99	-99	-99	-99	-99	128	134	182	190	-99	-99	121	121
S15-2673	-99	-99	200	200	-99	-99	-99	-99	217	219	-99	-99	128	134	182	190	-99	-99	121	121
S15-2673	241	241	198	200	-99	-99	171	171	219	223	-99	-99	126	128	190	194	178	182	121	121
S15-2673	241	241	198	200	235	235	171	171	219	223	277	277	126	128	190	194	178	182	121	121
S15-2674	239	239	200	200	229	241	171	179	217	219	-99	-99	128	134	182	190	-99	-99	121	121
S15-2674	239	239	200	200	229	241	179	179	217	219	-99	-99	128	134	182	190	-99	-99	121	121
S15-2674	241	241	196	196	227	233	173	175	221	223	253	277	126	134	182	194	178	190	119	121
S15-2674	241	241	196	196	227	233	173	175	221	223	253	277	126	134	182	194	178	190	119	121
S15-2678	241	241	198	198	237	239	179	179	221	227	-99	-99	128	134	190	198	190	198	121	141
S15-2678	241	241	196	198	237	239	179	179	221	227	-99	-99	128	134	190	198	-99	-99	121	141
S15-2679	241	241	196	196	237	237	177	179	221	227	-99	-99	128	134	190	198	190	190	121	141
S15-2679	241	241	196	198	237	239	179	179	221	227	261	261	128	134	190	198	198	198	121	141
S15-2695	239	241	196	198	233	233	177	177	227	227	255	255	134	134	182	190	182	202	119	141
S15-2695	239	241	196	198	233	233	177	177	227	227	255	255	134	134	182	190	182	202	119	141
S15-2696	241	241	194	194	227	239	171	177	223	227	-99	-99	128	128	182	190	182	182	119	129
S15-2696	241	241	194	196	227	239	171	177	223	227	261	261	128	134	182	190	182	182	119	129
S15-2697	239	241	194	198	239	239	173	177	223	223	261	273	128	128	190	190	182	190	119	141
S15-2697	241	241	194	198	239	239	173	177	223	223	261	273	128	134	190	190	182	190	119	141
S15-2698	239	241	194	198	239	239	173	177	223	223	261	261	128	128	190	190	182	190	119	141
S15-2698	239	241	194	198	239	239	173	177	223	223	261	273	128	134	190	190	182	190	119	141
S15-2699	239	241	194	198	231	239	171	177	223	225	245	261	126	134	182	190	182	182	119	129
S15-2699	239	241	194	198	231	239	171	177	223	225	245	261	126	134	182	190	182	182	119	129
S15-2701	241	241	196	196	233	233	173	177	227	229	-99	-99	138	138	194	194	178	178	119	121
S15-2701	239	239	196	200	233	237	173	173	229	229	269	269	138	138	194	194	178	186	119	121
S15-2702	239	239	194	198	227	229	173	175	225	227	-99	-99	122	128	190	198	164	182	121	141
S15-2704	239	239	196	200	233	237	177	177	229	229	269	269	138	138	190	194	178	186	119	121
S15-2704	239	241	196	200	233	237	173	177	227	229	-99	-99	138	138	190	194	178	186	119	121
S15-2705	239	241	196	196	231	233	175	179	223	227	269	281	128	130	190	190	160	178	121	141
S15-2705	239	241	196	196	231	233	175	179	223	227	269	281	128	130	190	190	160	178	121	141
S15-2706	-99	-99	-99	-99	-99	-99	179	181	-99	-99	-99	-99	128	134	194	194	-99	-99	121	121
S15-2706	-99	-99	194	204	227	227	175	175	225	225	-99	-99	134	134	190	190	178	194	121	121
S15-2706	-99	-99	194	204	227	227	175	175	225	225	-99	-99	134	134	190	190	178	178	121	121
S15-2707	239	241	194	196	233	233	175	179	221	227	253	273	126	134	190	190	160	178	121	121
S15-2707	239	241	194	196	233	233	175	179	221	227	253	273	126	134	190	190	160	178	121	121
S15-2708	239	239	196	196	233	233	161	161	225	229	269	277	126	126	190	198	186	190	121	121
S15-2708	239	239	196	196	233	233	161	161	225	229	269	277	126	134	190	198	186	190	121	121
S15-2709	239	239	196	198	233	235	175	179	213	223	233	281	126	126	190	198	182	190	121	141
S15-2709	239	239	196	198	233	235	175	179	213	223	233	281	126	138	190	198	182	190	121	141
S15-2710	239	239	196	196	233	233	161	161	225	229	269	277	126	126	190	198	186	190	121	121
S15-2710	239	239	196	196	233	233	161	161	225	229	269	277	126	134	190	198	186	190	121	121
S15-2711	239	239	196	196	233	233	161	175	219	229	269	269	126	134	182	190	178	190	121	121
S15-2711	239	239	196	196	233	233	161	175	219	229	269	269	126	134	182	190	178	190	121	121
S15-2712	239	239	196	196	233	233	161	161	225	229	269	277	126	126	190	198	186	190	121	121
S15-2712	239	239	196	196	233	233	161	161	225	229	269	277	126	134	190	198	186	190	121	121
S15-2713	239	239	196	198	233	239	175	177	213	231	281	281	126	126	190	190	182	190	121	141
S15-2713	239	239	196	198	233	239	175	177	213	231	281	281	126	138	190	190	182	190	121	141
S15-2714	239	239	196	198	233	235	175	179	213	223	233	281	126	126	190	198	182	190	121	141
S15-2714	239	239	196	198	233	235	175	179	213	223	233	281	126	138	190	198	182	190	121	141
S15-2717	239	239	194	194	231	233	179	179	223	227	-99	-99	128	134	194	194	178	182	119	121
S15-2717	239	239	194	200	231	233	179	179	223	227	245	277	128	134	194	194	178	182	119	121
S15-2718	241	241	194	194	227	233	179	179	229	229	265	281	134	134	190	198	164	198	121	121
S15-2718	241	241	194	198	227	233	179	179	225	229	-99	-99	134	134	190	198	164	198	121	121
S15-2719	241	241	194	198	227	227	179	179	225	229	265	265	134	134	190	198	164	164	121	121
S15-2719	241	241	198	198	227	233	179	179	225	229	265	265	134	134	190	198	164	164	121	121
S15-2721	241	241	194	198	227	233	179	179	225	229	265	281	134	134	190	198	164	198	121	121
S15-2721	241	241	194	198	227	233	179	181	225	229	265	281	134	134	190	198	164	164	121	121
S15-2722	239	241	194	200	227	231	179	179	225	227	277	277	128	134	190	194	182	198	119	121
S15-2722	239	241	200	200	227	231	179	179	227	227	261	261	128	134	190	194	182	198	119	121
S15-2723	-99	-99	-99	-99	231	231	-99	-99	225	225	-99	-99	134	134	-99	-99	-99	-99	121	121
S15-2723	241	241	196	200	227	229	173	175	219	225	245	273	126	128	190	198	182	190	141	141
S15-2723	239	241	196	200	227	229	173	175	219	225	245	273	126	128	190	198	182	190	141	141
S15-2725	241	241	194	194	227	233	179	179	229	229	-99	-99	134	134	190	198	164	164	121	121
S15-2725	241	241	194	198	227	233	179	179	-99	-99	265	265	134	134	190	198	-99	-99	121	121
S15-2728	241	241	-99	-99	227	233	179	181	225	229	265	281	134	134	198	198	164	198	121	121
S15-2728	241	241	194	198	227	233	179	181	225	229	265	281	134	134	190	198	164	164	121	121
S15-2729	239	239	200	200	233	233	177	177	227	227	249	249	130	130	182	190	182	190	119	121
S15-2729	239	239	200	200	233	233	177	177	223	227	-99	-99	130	130	182	190	-99	-99	119	121
S15-2730	239	239	196	202	227	231	171	173	223	223	253	253	122	138	-99	-99	186	194	141	141
S15-2730	239	239	202	202	227	227	173	173	223	223	265	265	122	138	190	194	-99	-99	141	141
S15-2731	241	241	194	200	231	233	179	179	223	227	245	245	128	128	194	194	178	182	121	121
S15-2731	239	241	194	200	231	233	179	179	223	227	245	245	128	128	194	194	178	182	119	121
S15-2746	239	239	196	198	227	227	173	175	215	223	245	253	122	138	190	194	190	194	121	141
S15-2746	239	239	196	198	227	227	173	175	215	223	245	253	122	138	190	194	194	194	121	141
S15-2752	239	239	196	198	227	227	173	175	215	223	245	253	122	138	190	194	190	194	121	141
S15-2752	239	239	196	198	227	227	173	175	215	223	245	253	122	138	190	194	190	194	121	141
S15-2753	239	241	200	200	231	231	175	175	215	223	245	245	122	128	190	190	162	190	121	121
S15-2753	239	241	196	198	231	231	175	175	215	215	245	245	122	128	190	190	162	162	121	121
S15-2754	239	241	194	200	227	233	175	175	223	227	247	263	130	134	190	194	190	190	121	121
S15-2754	239	241	194	200	227	233	175	175	223	227	247	263	130	134	190	194	190	190	121	121
S15-2756	-99	-99	196	196	227	227	161	177	-99	-99	273	273	128	128	182	190	174	174	121	141
S15-2756	241	241	196	196	227	227	161	177	-99	-99	273	273	128	134	182	182	174	174	121	141
S15-2757	239	239	196	196	227	227	179	181	223	223	-99	-99	134	134	182	190	174	178	121	121
S15-2757	239	239	196	196	227	241	177	181	223	223	-99	-99	134	134	182	190	174	178	121	121
S15-2758	241	241	196	196	239	239	175	177	225	231	-99	-99	128	128	190	190	190	190	119	121
S15-2758	241	241	198	198	239	239	175	177	225	231	273	273	128	128	190	190	-99	-99	119	121
S15-2760	-99	-99	198	198	-99	-99	175	175	225	225	-99	-99	128	128	190	190	190	190	121	121
S15-2760	241	241	196	198	227	227	-99	-99	-99	-99	249	249	128	128	190	190	190	190	119	121
S15-2760	-99	-99	196	200	227	227	175	177	221	227	-99	-99	126	134	190	190	-99	-99	121	121
S15-2760	239	239	196	200	227	235	175	177	221	227	269	273	126	134	190	190	190	190	121	121
S15-2761	239	241	196	198	227	239	175	175	219	231	-99	-99	126	134	190	190	190	190	119	119
S15-2761	239	239	196	198	227	239	175	175	219	231	255	255	126	134	190	190	190	190	119	119
S15-2763	241	241	196	196	227	237	171	177	225	227	237	273	110	134	186	190	182	198	121	121
S15-2763	241	241	196	196	227	237	171	177	225	227	237	273	110	134	186	190	182	198	121	121
S15-2768	239	241	196	198	227	239	175	175	219	231	255	273	126	134	190	190	190	190	119	119
S15-2768	239	241	196	198	227	239	175	175	219	231	255	273	126	134	190	190	190	190	119	119
S15-2770	241	241	196	196	227	237	171	177	225	227	-99	-99	110	110	186	190	182	182	121	121
S15-2770	241	241	196	196	227	237	171	177	225	227	-99	-99	110	134	186	190	182	198	121	121
S15-2778	239	239	194	200	227	227	175	175	231	231	255	255	134	134	182	182	178	178	121	141
S15-2778	-99	-99	200	200	-99	-99	175	175	225	225	-99	-99	134	134	182	190	178	178	121	141
S15-2778	-99	-99	194	200	-99	-99	175	175	-99	-99	-99	-99	134	134	182	190	178	178	121	141
S15-2779	239	239	204	204	-99	-99	-99	-99	-99	-99	-99	-99	134	134	190	190	178	178	121	121
S15-2779	-99	-99	-99	-99	-99	-99	-99	-99	215	215	-99	-99	134	134	190	190	194	194	121	123
S15-2779	-99	-99	-99	-99	-99	-99	-99	-99	215	225	-99	-99	134	134	190	190	-99	-99	121	121
S15-2780	239	239	194	200	227	227	175	175	225	231	255	277	130	134	182	190	178	178	121	141
S15-2780	239	239	194	200	227	227	175	175	225	231	-99	-99	134	134	182	190	178	178	121	141
S15-2787	239	241	196	200	-99	-99	177	179	227	227	-99	-99	134	134	190	190	164	182	121	121
S15-2787	239	241	200	200	231	231	179	179	227	227	-99	-99	134	134	186	186	164	182	121	121
S15-2790	239	239	196	200	227	235	175	177	221	227	269	273	126	134	190	190	190	190	121	121
S15-2790	239	239	196	200	227	235	175	177	221	227	269	273	126	134	190	190	190	190	121	121
S15-2791	239	239	200	200	227	227	175	175	221	227	273	273	126	134	190	190	190	190	121	121
S15-2791	239	239	196	200	227	227	175	177	207	221	-99	-99	126	134	190	204	190	190	121	121
S15-2793	239	239	196	196	227	227	175	177	213	227	-99	-99	126	126	182	190	178	190	121	121
S15-2793	239	239	196	196	235	235	175	177	213	227	-99	-99	126	126	182	190	178	190	121	121
S15-2794	239	239	196	198	239	239	179	179	219	231	-99	-99	130	130	190	190	178	178	121	121
S15-2794	239	241	196	198	-99	-99	-99	-99	219	231	269	269	130	130	190	198	178	194	121	121
S15-2795	239	239	196	200	227	227	-99	-99	227	227	-99	-99	126	126	190	190	190	190	121	121
S15-2795	239	239	196	196	235	235	175	175	221	227	-99	-99	126	134	190	190	190	190	121	121
S15-2799	239	239	200	202	227	227	161	177	225	227	273	277	126	134	198	198	190	190	141	141
S15-2799	239	239	200	202	227	227	161	177	225	227	273	273	126	134	190	198	190	190	141	141
S15-2800	239	239	196	200	227	227	177	177	227	231	253	255	126	134	186	186	178	190	121	121
S15-2800	239	241	196	200	227	227	177	177	231	231	253	255	126	134	186	186	178	190	121	121
S15-2802	239	239	194	204	227	227	175	175	225	225	255	269	134	134	190	190	178	194	121	121
S15-2802	239	239	194	204	227	227	175	175	225	225	255	269	134	134	190	190	178	194	121	121
S15-2803	239	239	200	200	227	237	175	175	223	225	253	277	126	134	190	194	178	182	129	141
S15-2803	239	239	200	200	227	237	175	175	223	225	253	277	126	134	190	194	178	182	129	141
S15-2804	239	241	196	200	231	239	177	177	227	227	-99	-99	134	134	186	190	164	182	121	121
S15-2804	239	241	196	196	239	239	177	179	227	229	-99	-99	134	134	186	190	164	182	121	121
S15-2805	-99	-99	198	204	-99	-99	175	187	219	219	-99	-99	128	134	190	190	194	194	121	141
S15-2805	241	241	198	204	227	227	175	187	219	225	-99	-99	128	134	190	190	182	194	121	141
S15-2808	239	239	194	198	233	233	173	177	227	227	273	273	126	134	190	190	164	190	121	121
S15-2808	239	239	194	198	233	233	173	177	227	227	273	273	126	134	190	190	164	190	121	121
S15-2809	239	241	194	196	233	239	173	177	227	227	273	273	124	134	186	190	164	186	119	141
S15-2809	239	241	194	196	233	239	173	177	227	227	273	273	126	134	186	190	164	186	121	141
S15-2810	239	239	196	200	233	239	173	175	213	213	-99	-99	128	134	182	182	164	182	121	121
S15-2810	239	239	196	200	233	233	173	175	231	231	269	269	128	128	182	194	182	190	121	121
S15-2813	241	241	196	196	227	227	175	175	223	223	-99	-99	122	126	190	190	190	190	121	121
S15-2813	241	241	196	196	227	233	175	177	223	223	-99	-99	122	126	190	190	190	190	121	141
S15-2814	239	239	196	196	231	231	173	177	-99	-99	-99	-99	128	128	190	190	190	190	121	121
S15-2815	241	241	196	196	227	227	175	175	223	223	-99	-99	122	126	190	190	190	190	121	141
S15-2815	-99	-99	194	194	227	233	175	177	223	223	-99	-99	122	126	190	190	190	190	121	141
S15-2815	-99	-99	194	196	-99	-99	177	177	223	223	-99	-99	122	126	190	190	-99	-99	121	141
S15-2815	241	241	194	196	227	233	175	177	223	227	-99	-99	122	126	190	190	-99	-99	121	141
S15-2816	239	239	194	198	227	227	171	171	223	225	-99	-99	110	110	190	194	182	186	121	121
S15-2816	239	239	194	198	227	227	-99	-99	223	225	-99	-99	110	110	190	194	182	186	121	121
S15-2817	241	241	194	196	227	233	175	177	223	227	273	285	122	126	190	190	190	190	121	141
S15-2817	241	241	194	196	227	233	177	177	223	227	-99	-99	122	126	190	190	190	190	121	141
S15-2818	241	241	194	196	227	227	175	177	223	227	273	285	122	126	190	190	190	190	121	141
S15-2818	241	241	196	196	227	233	-99	-99	223	227	273	273	122	126	190	190	190	190	121	141
S15-2819	239	239	198	198	227	227	177	177	223	223	265	265	110	110	194	194	182	182	121	121
S15-2819	239	239	194	198	227	227	177	177	225	225	265	265	110	110	190	194	-99	-99	121	121
S15-2819	-99	-99	198	198	-99	-99	171	177	223	225	-99	-99	110	110	190	194	182	186	121	121
S15-2819	239	239	194	198	227	227	171	177	223	225	-99	-99	110	110	190	194	-99	-99	121	121
S15-2821	239	239	196	200	227	227	175	177	213	231	269	269	128	128	190	194	186	186	121	129
S15-2821	239	239	196	200	227	227	175	177	213	231	269	269	128	128	190	194	186	186	121	129
S15-2822	239	239	196	200	227	227	175	177	213	231	269	269	128	128	190	194	186	186	121	129
S15-2822	239	239	200	200	227	227	175	177	213	231	269	269	128	128	190	194	186	186	121	129
S15-2824	241	241	-99	-99	227	227	175	177	225	227	-99	-99	122	122	190	190	-99	-99	121	141
S15-2824	241	241	194	196	233	233	175	175	223	227	-99	-99	122	126	-99	-99	190	190	121	141
S15-2825	239	239	196	196	231	239	173	173	217	217	261	261	128	128	190	190	190	190	121	121
S15-2825	239	239	196	196	231	239	173	177	213	217	261	277	126	128	190	190	190	190	121	121
S15-2826	241	241	-99	-99	227	227	177	177	227	227	-99	-99	126	128	190	194	182	190	121	141
S15-2826	241	241	194	194	227	235	177	177	231	231	-99	-99	126	128	190	194	182	182	121	141
S15-2828	239	239	196	196	-99	-99	173	177	213	213	-99	-99	128	128	-99	-99	190	190	121	121
S15-2828	239	239	196	196	231	231	-99	-99	-99	-99	-99	-99	126	128	190	190	190	190	121	121
S15-2828	-99	-99	196	196	-99	-99	-99	-99	217	217	-99	-99	128	128	190	190	-99	-99	121	121
S15-2828	239	239	196	196	-99	-99	173	177	213	213	-99	-99	126	128	190	190	-99	-99	121	121
S15-2830	-99	-99	-99	-99	227	227	171	171	225	225	-99	-99	-99	-99	190	194	186	186	121	121
S15-2830	-99	-99	196	196	-99	-99	171	171	223	223	-99	-99	-99	-99	-99	-99	186	186	121	121
S15-2830	-99	-99	194	198	-99	-99	171	177	223	225	-99	-99	110	110	194	194	-99	-99	121	121
S15-2830	-99	-99	194	198	-99	-99	-99	-99	-99	-99	-99	-99	110	110	190	190	182	182	121	121
S15-2836	241	241	198	198	227	231	161	187	223	227	261	273	126	134	190	194	182	186	121	141
S15-2836	241	241	194	198	227	231	161	187	223	227	261	273	126	134	190	194	182	186	121	141
S15-2837	239	239	196	200	227	227	175	177	213	231	269	269	126	128	190	194	186	186	121	129
S15-2837	239	239	196	200	227	227	175	177	213	231	-99	-99	126	128	190	194	186	186	121	129
S15-2838	241	241	194	208	227	231	187	187	223	227	-99	-99	122	134	190	190	186	190	121	125
S15-2838	241	241	194	208	227	227	187	187	227	227	-99	-99	122	134	190	190	186	190	121	121
S15-2838	241	241	194	208	227	231	187	187	223	227	-99	-99	122	134	190	190	186	190	121	121
S15-2838	241	241	194	206	-99	-99	187	187	223	227	-99	-99	122	134	190	190	186	186	121	121
S15-2840	241	241	194	198	227	231	161	187	223	227	261	273	126	134	190	194	182	186	121	141
S15-2840	241	241	194	198	227	231	161	187	223	227	261	273	126	134	190	194	182	186	121	141
S15-2842	241	241	196	196	227	227	175	175	219	219	-99	-99	126	134	190	190	182	190	121	141
S15-2842	241	241	196	196	227	227	175	177	219	219	-99	-99	126	134	190	190	182	190	121	141
S15-2843	241	241	-99	-99	-99	-99	-99	-99	-99	-99	-99	-99	126	126	190	190	190	190	141	141
S15-2843	241	241	-99	-99	-99	-99	-99	-99	227	227	-99	-99	122	122	190	190	-99	-99	121	141
S15-2843	-99	-99	-99	-99	-99	-99	-99	-99	227	227	-99	-99	126	126	190	190	-99	-99	121	141
S15-2843	-99	-99	-99	-99	-99	-99	175	177	223	227	-99	-99	126	126	190	190	-99	-99	121	141
S15-2844	241	241	194	196	227	233	175	177	223	227	-99	-99	122	126	190	190	190	190	121	141
S15-2844	241	241	194	196	233	233	175	177	223	227	-99	-99	122	126	190	190	190	190	121	141
S15-2845	241	241	194	208	227	231	187	187	223	223	261	269	122	134	190	190	186	190	121	121
S15-2845	241	241	194	208	227	231	187	187	223	227	261	269	122	134	190	190	186	190	121	121
S15-2846	241	241	196	196	227	225	175	175	219	227	-99	-99	126	134	190	190	182	190	121	141
S15-2846	241	241	196	196	-99	-99	175	177	219	227	-99	-99	126	134	190	190	182	190	121	141
S15-2847	241	241	194	198	227	231	161	187	223	227	261	273	126	134	190	194	182	186	121	141
S15-2847	241	241	194	198	227	231	161	187	223	227	261	273	126	134	190	194	182	186	121	141
S15-2847	241	241	194	198	227	231	161	187	223	227	261	273	126	134	190	194	182	186	121	141
S15-2847	241	241	194	198	227	231	161	187	223	227	261	273	126	134	190	194	182	186	121	141
S15-2848	241	241	194	194	227	227	-99	-99	227	231	-99	-99	128	128	-99	-99	190	190	121	141
S15-2848	-99	-99	194	194	-99	-99	177	177	231	231	-99	-99	128	128	190	194	182	190	121	141
S15-2848	-99	-99	196	196	-99	-99	177	177	227	227	-99	-99	128	128	190	194	182	182	121	141
S15-2850	239	239	200	200	-99	-99	171	171	213	213	-99	-99	128	128	182	194	182	190	121	121
S15-2850	239	239	196	196	-99	-99	173	173	-99	-99	-99	-99	128	134	194	194	182	190	121	121
S15-2850	239	239	196	200	-99	-99	-99	-99	213	231	-99	-99	128	134	194	194	-99	-99	121	121
S15-2850	-99	-99	196	196	-99	-99	-99	-99	213	231	269	269	128	134	182	194	164	164	121	121
S15-2851	239	239	196	200	-99	-99	173	173	-99	-99	-99	-99	134	134	194	194	182	190	121	121
S15-2851	-99	-99	200	200	-99	-99	-99	-99	-99	-99	-99	-99	128	128	-99	-99	182	182	121	121
S15-2851	-99	-99	200	200	-99	-99	173	173	213	231	-99	-99	128	134	182	194	-99	-99	121	121
S15-2862	-99	-99	-99	-99	-99	-99	-99	-99	-99	-99	-99	-99	110	110	190	194	182	186	121	121
S15-2862	-99	-99	-99	-99	227	227	171	171	223	223	-99	-99	110	110	194	194	182	186	121	121
S15-2862	-99	-99	198	198	-99	-99	171	177	223	223	-99	-99	110	110	194	194	-99	-99	121	121
S15-2862	-99	-99	-99	-99	-99	-99	175	177	225	225	-99	-99	110	110	190	190	-99	-99	121	121
S15-2864	-99	-99	200	200	-99	-99	175	175	231	231	-99	-99	126	128	190	194	-99	-99	121	129
S15-2864	239	239	-99	-99	227	227	177	177	213	213	-99	-99	126	128	-99	-99	186	186	121	129
S15-2864	-99	-99	-99	-99	-99	-99	-99	-99	-99	-99	269	269	126	128	190	194	186	186	121	129
S15-2866	239	239	194	194	233	233	161	175	213	227	-99	-99	126	134	190	194	178	190	121	141
S15-2866	239	241	194	194	233	233	175	175	213	227	-99	-99	126	134	190	194	178	190	121	141
S15-2867	239	239	196	196	-99	-99	-99	-99	-99	-99	-99	-99	128	128	182	182	-99	-99	121	129
S15-2867	-99	-99	-99	-99	227	233	-99	-99	213	213	277	277	128	128	182	182	-99	-99	121	129
S15-2867	-99	-99	196	196	-99	-99	-99	-99	-99	-99	-99	-99	128	128	182	194	-99	-99	121	129
S15-2869	239	239	196	196	233	233	177	177	227	227	-99	-99	126	134	190	190	-99	-99	121	121
S15-2869	239	241	196	196	-99	-99	177	181	227	231	-99	-99	126	134	190	190	178	178	121	121
S15-2869	-99	-99	196	196	-99	-99	177	181	231	231	-99	-99	126	134	190	190	-99	-99	121	121
S15-2869	239	241	196	196	233	233	177	181	227	231	245	277	126	134	190	190	178	178	121	121
S15-2870	241	241	194	198	-99	-99	-99	-99	-99	-99	-99	-99	126	134	194	194	182	186	121	141
S15-2870	-99	-99	-99	-99	-99	-99	-99	-99	223	223	-99	-99	126	126	-99	-99	186	186	121	141
S15-2870	-99	-99	-99	-99	-99	-99	161	161	227	227	-99	-99	126	134	194	194	-99	-99	121	141
S15-2870	-99	-99	194	198	-99	-99	-99	-99	223	227	-99	-99	126	134	190	194	-99	-99	121	141
S15-2871	241	241	198	198	231	231	161	161	223	227	-99	-99	126	134	190	194	182	186	121	141
S15-2871	241	241	194	198	227	231	161	187	223	227	-99	-99	126	134	190	194	182	186	121	141
S15-2872	-99	-99	194	196	227	227	175	177	223	227	-99	-99	122	126	190	190	190	190	121	141
S15-2873	241	241	196	196	227	233	177	177	227	227	-99	-99	122	126	190	190	190	190	121	141
S15-2873	241	241	194	196	227	227	-99	-99	227	227	-99	-99	122	126	190	190	190	190	121	141
S15-2873	-99	-99	194	196	-99	-99	-99	-99	223	227	-99	-99	122	126	190	190	-99	-99	121	141
S15-2873	241	241	194	196	-99	-99	175	177	223	227	-99	-99	122	126	190	190	190	190	121	141
S15-2874	241	241	194	194	233	233	161	161	-99	-99	-99	-99	126	134	190	190	178	178	121	141
S15-2874	-99	-99	194	194	-99	-99	161	161	-99	-99	-99	-99	126	134	-99	-99	-99	-99	121	141
S15-2874	-99	-99	194	194	-99	-99	161	161	-99	-99	-99	-99	126	134	190	194	-99	-99	121	141
S15-2875	239	239	196	200	233	233	173	173	-99	-99	269	269	128	134	182	194	182	190	121	121
S15-2875	239	239	200	200	-99	-99	175	175	231	231	-99	-99	128	134	182	182	164	182	121	121
S15-2875	-99	-99	196	200	-99	-99	175	175	213	231	-99	-99	128	134	182	194	164	170	121	121
S15-2876	239	239	196	200	227	227	175	177	231	231	269	269	128	128	190	194	170	186	121	129
S15-2876	239	239	196	200	227	227	175	177	213	231	269	269	128	128	190	194	186	186	121	129
S15-2877	239	239	194	194	233	233	161	175	213	227	-99	-99	126	134	190	194	178	190	121	141
S15-2877	239	241	194	194	233	233	161	175	213	227	-99	-99	126	134	190	194	178	190	121	141
S15-2879	241	241	198	198	231	231	161	161	225	227	-99	-99	126	134	190	194	182	182	121	141
S15-2879	241	241	194	198	227	231	161	161	223	223	-99	-99	126	134	190	194	182	186	121	141
S15-2880	239	239	196	200	227	227	175	177	213	231	269	269	128	128	190	194	186	186	121	129
S15-2880	239	239	196	200	227	227	175	177	213	231	269	269	128	128	190	194	186	186	121	129
S15-2883	241	241	194	198	227	231	161	187	223	227	261	273	126	134	190	194	182	186	121	141
S15-2883	241	241	194	198	227	231	161	187	223	227	273	273	126	134	190	194	182	186	121	141
S15-2898	-99	-99	198	198	-99	-99	179	179	223	223	-99	-99	134	134	190	190	164	164	121	141
S15-2898	239	239	-99	-99	-99	-99	179	179	-99	-99	-99	-99	134	134	190	190	164	164	121	141
S15-2898	-99	-99	198	198	-99	-99	179	179	223	241	-99	-99	134	134	190	190	-99	-99	121	141
S15-2898	-99	-99	194	198	233	237	-99	-99	223	223	-99	-99	134	134	190	190	164	164	121	141
S15-2901	239	239	198	198	229	233	179	181	223	227	263	269	126	134	190	190	164	190	121	121
S15-2901	239	239	198	198	229	233	179	181	223	227	263	269	126	134	190	190	164	190	121	121
S15-2903	239	239	194	198	233	237	179	179	223	241	269	269	134	134	190	190	164	198	121	141
S15-2903	239	239	194	198	233	237	179	179	223	241	269	289	134	134	190	190	164	198	121	141
S15-2912	239	241	196	196	227	227	173	173	-99	-99	267	267	128	138	194	194	182	190	121	141
S15-2912	-99	-99	196	196	227	227	173	173	-99	-99	-99	-99	128	138	194	194	182	190	121	141
S15-2912	-99	-99	196	196	-99	-99	173	173	223	223	-99	-99	128	138	194	194	166	182	121	141
S15-2912	-99	-99	196	196	-99	-99	173	173	221	223	-99	-99	128	138	194	194	182	190	121	141
S15-2915	239	239	198	198	229	233	179	181	223	227	263	269	126	134	190	190	164	190	121	121
S15-2915	239	239	198	198	229	233	179	181	223	227	263	269	126	134	190	190	164	190	121	121
S15-2916	239	241	196	198	227	239	175	181	217	219	263	269	128	128	190	194	164	186	119	141
S15-2916	239	241	196	198	227	239	175	181	217	219	263	269	126	128	190	194	164	186	119	141
S15-2917	239	241	196	198	233	239	177	181	217	227	263	289	126	126	190	190	164	190	119	121
S15-2917	239	241	196	198	233	239	177	181	217	227	263	289	126	126	190	190	164	190	119	121
S15-2919	239	239	194	196	227	239	175	179	213	217	253	269	128	138	190	194	178	178	141	141
S15-2919	239	239	194	196	227	239	175	175	217	217	269	269	128	138	190	194	178	178	141	141
S15-2920	241	241	196	200	227	227	173	173	219	223	-99	-99	126	134	190	194	182	190	121	141
S15-2920	241	241	196	200	227	227	173	173	219	223	-99	-99	126	134	190	194	182	190	121	141
S15-2921	241	241	196	200	227	227	173	173	219	223	-99	-99	126	134	190	190	182	190	121	141
S15-2921	241	241	196	200	227	227	173	173	219	223	-99	-99	126	134	190	194	182	190	121	141
S15-2922	239	241	198	200	227	235	179	179	217	223	255	277	122	126	190	198	178	186	129	141
S15-2922	239	241	198	200	227	235	179	179	217	223	255	277	122	126	190	198	178	186	129	141
S15-2923	239	241	198	200	227	235	179	179	217	223	255	255	122	126	190	198	178	186	129	141
S15-2923	239	241	200	200	235	235	179	179	217	223	277	277	122	126	190	198	178	186	129	141
S15-2928	-99	-99	196	196	227	227	177	177	-99	-99	-99	-99	126	126	198	198	-99	-99	121	141
S15-2928	239	239	-99	-99	-99	-99	181	181	231	231	-99	-99	126	126	190	198	190	194	121	141
S15-2928	-99	-99	196	196	-99	-99	177	177	227	227	-99	-99	126	126	190	198	-99	-99	121	141
S15-2928	239	239	196	196	-99	-99	177	181	231	231	-99	-99	126	126	190	198	-99	-99	121	141
S15-2929	239	241	196	198	231	237	177	177	213	231	255	273	126	130	190	190	160	190	121	141
S15-2929	239	239	196	198	231	237	177	177	213	231	255	273	126	130	190	190	160	190	121	141
S15-2930	239	239	198	198	235	237	161	177	213	223	255	277	130	130	190	194	178	190	121	121
S15-2930	239	239	198	198	235	237	161	177	213	223	255	277	130	130	190	194	178	190	121	121
S15-2932	239	239	198	198	235	237	161	177	213	223	255	277	130	130	190	194	178	190	121	121
S15-2932	239	239	198	198	235	237	161	177	213	223	255	277	130	130	190	194	178	190	121	121
S15-2933	239	239	196	196	227	227	177	181	227	231	253	253	126	126	190	198	190	194	121	141
S15-2933	239	239	196	196	227	227	177	181	231	231	-99	-99	126	126	190	198	190	194	121	141
S15-2938	-99	-99	-99	-99	227	227	173	173	223	223	-99	-99	126	134	190	190	182	182	121	141
S15-2938	241	241	196	196	-99	-99	173	173	223	223	-99	-99	126	134	190	194	182	190	121	141
S15-2939	239	239	196	196	227	227	177	181	231	231	253	253	126	126	190	198	190	194	121	141
S15-2939	239	239	196	196	-99	-99	181	181	227	231	-99	-99	126	126	190	198	190	194	121	141
S15-2945	239	241	196	198	231	237	177	177	213	231	255	273	126	130	190	190	160	190	121	141
S15-2945	239	241	196	198	231	237	177	177	213	231	255	273	126	130	190	190	160	190	121	141
S15-2946	239	241	196	198	231	237	177	177	213	231	255	273	126	130	190	190	160	190	121	141
S15-2946	239	241	196	198	231	237	177	177	213	231	255	273	126	130	190	190	160	190	121	141
S15-2947	239	241	196	198	231	237	177	177	213	231	255	273	126	130	190	190	160	190	121	141
S15-2947	239	241	196	198	231	237	177	177	213	231	255	273	126	130	190	190	160	190	121	141
S15-2948	239	239	198	198	235	237	161	177	213	223	255	277	130	130	190	194	178	190	121	121
S15-2948	239	239	198	198	235	237	161	177	213	223	255	277	130	130	190	194	178	190	121	121
S15-2949	239	241	194	196	231	231	177	179	219	227	-99	-99	126	128	190	194	162	182	129	141
S15-2949	239	241	194	194	231	231	177	179	219	227	-99	-99	128	128	190	194	162	182	129	141
S15-2952	241	241	196	204	227	235	175	177	225	227	241	277	134	138	182	190	186	190	121	141
S15-2952	241	241	196	204	227	235	175	177	225	227	241	277	134	138	182	190	186	190	121	141
S15-2953	241	241	194	198	227	231	177	179	219	219	277	277	126	128	182	190	186	190	121	141
S15-2953	241	241	194	198	227	231	177	179	219	219	-99	-99	128	128	182	190	186	190	121	141
S15-2955	-99	-99	194	194	-99	-99	177	177	219	219	-99	-99	126	128	182	190	-99	-99	121	141
S15-2955	241	241	-99	-99	-99	-99	177	177	219	219	-99	-99	126	128	182	190	186	190	121	141
S15-2955	-99	-99	194	198	-99	-99	177	177	207	219	-99	-99	126	128	182	190	-99	-99	121	141
S15-2955	-99	-99	194	198	-99	-99	177	177	207	219	-99	-99	126	128	182	190	-99	-99	121	141
S15-2956	239	239	196	196	239	239	173	175	231	241	269	277	122	134	190	194	178	178	121	141
S15-2956	239	239	196	196	239	239	173	175	231	241	-99	-99	122	134	190	194	178	178	121	141
S15-2959	239	241	196	196	227	227	173	173	225	231	255	269	128	128	190	194	182	190	121	141
S15-2959	239	241	196	196	227	227	173	173	225	231	255	269	128	128	190	194	182	190	121	141
S15-2961	-99	-99	200	200	227	233	171	181	221	225	-99	-99	110	126	190	190	-99	-99	121	121
S15-2961	239	239	200	200	227	233	171	181	221	225	-99	-99	110	126	190	190	190	190	121	121
S15-2964	241	241	196	200	227	237	177	187	223	223	233	255	130	138	190	194	190	194	121	121
S15-2964	241	241	196	200	227	237	177	187	223	223	233	255	130	138	190	194	190	194	121	121
S15-2965	241	241	196	200	227	237	177	187	223	223	233	255	130	138	190	194	190	194	121	121
S15-2965	241	241	196	200	227	237	177	187	223	223	233	255	130	138	190	194	190	194	121	121
S15-2966	241	241	194	198	227	231	177	177	219	219	277	277	126	128	182	190	186	190	121	141
S15-2966	241	241	194	198	227	231	177	177	219	219	277	277	126	128	182	190	186	190	121	141
S15-2972	239	241	194	200	233	233	175	175	219	227	237	261	126	134	182	190	178	190	121	141
S15-2972	239	241	194	200	233	233	175	175	219	227	237	261	126	134	182	190	178	190	121	141
S15-2976	239	241	196	196	231	231	173	173	217	223	269	277	138	138	190	190	164	178	121	141
S15-2976	239	241	196	196	231	231	173	173	217	223	269	277	138	138	190	190	164	178	121	141
S15-2977	239	241	196	198	229	229	173	173	219	219	-99	-99	128	130	182	190	178	182	141	141
S15-2977	241	241	198	198	227	227	173	175	219	219	-99	-99	128	128	182	190	178	178	141	141
S15-2980	241	241	194	200	227	237	177	177	219	231	267	273	122	122	190	198	178	182	121	141
S15-2980	241	241	194	200	227	237	177	177	219	231	267	273	122	122	190	198	178	182	121	141
S15-2981	239	241	196	196	-99	-99	173	173	223	223	-99	-99	138	138	190	190	164	164	121	141
S15-2981	239	241	196	196	-99	-99	173	173	223	223	-99	-99	138	138	190	190	164	178	121	141
S15-2981	-99	-99	196	196	-99	-99	173	173	217	223	-99	-99	138	138	190	190	164	164	121	141
S15-2981	-99	-99	196	196	-99	-99	173	173	217	223	-99	-99	138	138	190	190	164	178	121	141
S15-2982	239	241	196	196	231	231	173	173	217	223	269	277	138	138	190	190	164	178	121	141
S15-2982	239	241	196	196	231	231	173	173	217	223	269	277	138	138	190	190	164	178	121	141
S15-2983	239	239	198	200	231	233	175	177	219	227	255	261	126	138	182	190	178	190	119	141
S15-2983	239	239	198	200	231	233	175	177	219	227	255	261	126	138	182	190	178	190	119	141
S15-2984	239	241	196	196	235	239	175	179	213	231	269	269	126	134	190	194	182	186	121	141
S15-2984	239	241	196	196	235	239	175	179	213	231	-99	-99	126	134	190	194	182	186	121	141
S15-2986	-99	-99	196	196	-99	-99	177	177	-99	-99	-99	-99	130	134	182	190	178	178	121	121
S15-2986	-99	-99	196	196	227	227	177	177	223	223	-99	-99	130	134	182	182	178	190	121	121
S15-2986	-99	-99	196	196	-99	-99	-99	-99	-99	-99	-99	-99	130	134	182	190	-99	-99	121	121
S15-2986	-99	-99	196	196	-99	-99	-99	-99	-99	-99	-99	-99	130	134	182	190	-99	-99	121	121
S15-2987	239	241	196	196	227	239	175	175	223	231	277	281	134	134	182	194	186	190	121	141
S15-2987	239	241	196	196	227	239	175	175	223	231	277	277	134	134	182	194	186	190	121	141
S15-2988	239	239	196	196	227	231	175	177	223	227	281	281	130	134	182	190	178	190	121	121
S15-2988	239	239	196	196	227	231	175	177	223	227	281	281	130	134	182	190	178	190	121	121
S15-2989	239	241	196	196	231	231	173	173	217	223	269	277	138	138	190	190	164	178	121	141
S15-2989	239	241	196	196	231	231	173	173	217	223	269	277	138	138	190	190	164	178	121	141
S15-2990	239	239	194	198	227	231	177	177	223	235	253	253	126	138	190	198	178	178	121	121
S15-2990	239	239	194	198	227	231	177	177	223	235	253	253	126	138	190	198	178	178	121	121
S15-2991	239	241	196	200	237	239	175	177	217	231	267	281	126	134	190	190	182	190	121	121
S15-2991	239	241	196	200	237	239	175	177	217	231	267	281	126	134	190	190	182	190	121	121
S15-2993	239	241	196	196	227	239	175	175	223	231	277	281	134	134	182	194	186	190	121	141
S15-2993	239	241	196	196	227	239	175	175	223	231	277	281	134	134	182	194	186	190	121	141
S15-2994	239	239	196	196	227	231	175	177	223	227	281	281	130	134	182	190	178	190	121	121
S15-2994	239	239	196	196	227	231	175	177	223	227	281	281	130	134	182	190	178	190	121	121
S15-2997	239	239	198	200	231	233	175	177	219	227	255	261	126	138	182	190	178	190	119	141
S15-2997	239	239	198	200	231	233	175	177	219	227	255	261	126	138	182	190	178	190	119	141
S15-2999	239	241	196	200	237	239	171	181	217	231	267	281	126	134	190	190	182	182	121	121
S15-2999	239	241	196	200	237	239	171	181	217	231	267	281	126	134	190	190	182	182	121	121
S15-3001	239	239	196	196	-99	-99	173	173	223	223	-99	-99	138	138	190	190	164	178	121	141
S15-3002	239	239	196	196	231	231	-99	-99	223	223	-99	-99	138	138	190	190	164	178	121	141
S15-3002	-99	-99	196	196	-99	-99	-99	-99	217	223	-99	-99	138	138	190	190	164	164	121	141
S15-3002	-99	-99	196	196	-99	-99	-99	-99	217	223	-99	-99	138	138	190	190	164	178	121	141
S15-3002	-99	-99	196	196	-99	-99	173	173	217	217	-99	-99	138	138	190	190	164	164	121	141
S15-3003	241	241	196	196	-99	-99	173	173	217	217	277	277	138	138	190	190	164	178	121	141
S15-3003	239	241	196	196	-99	-99	173	173	217	223	-99	-99	138	138	190	190	164	178	121	141
S15-3004	239	241	194	196	227	237	175	175	219	223	273	281	134	134	190	190	182	186	121	141
S15-3004	239	241	196	196	227	237	175	175	219	223	273	281	134	134	190	190	182	186	121	141
S15-3005	239	241	194	196	227	237	175	175	219	223	-99	-99	134	134	190	190	182	186	121	141
S15-3005	241	241	194	196	227	237	175	175	219	223	-99	-99	134	134	190	190	182	186	121	141
S15-3006	239	239	196	196	227	227	175	175	231	231	-99	-99	134	134	182	194	186	190	121	141
S15-3006	239	241	196	196	239	239	175	175	223	231	-99	-99	134	134	182	194	186	190	121	141
S15-3007	-99	-99	194	200	233	233	175	175	219	227	237	237	126	134	182	190	178	178	121	141
S15-3007	239	241	194	200	233	233	175	175	219	227	237	261	126	134	182	190	178	178	121	141
S15-3014	239	241	196	196	235	235	175	179	213	231	269	269	126	134	190	194	-99	-99	121	141
S15-3014	241	241	196	196	235	235	175	179	213	231	-99	-99	126	126	190	194	-99	-99	121	141
S15-3016	239	239	194	198	231	233	177	181	219	227	273	273	126	126	190	194	-99	-99	121	141
S15-3016	239	239	194	198	231	233	177	181	219	227	273	281	126	126	190	194	-99	-99	121	141
S15-3017	239	241	194	196	227	237	175	175	219	223	281	281	134	134	190	190	182	182	121	141
S15-3017	239	241	194	196	227	237	175	175	219	223	273	281	134	134	190	190	-99	-99	121	141
S15-3020	239	239	194	198	227	231	177	177	223	235	253	273	126	138	190	198	178	178	121	121
S15-3020	239	239	194	198	227	231	177	177	223	235	253	273	126	138	190	198	178	178	121	121
S15-3022	241	241	194	200	231	231	175	175	213	219	273	277	126	128	190	190	178	182	121	141
S15-3022	241	241	194	200	231	231	175	175	213	219	273	277	128	128	190	190	178	182	121	141
S15-3024	239	241	196	198	227	227	173	173	219	219	-99	-99	128	130	182	190	178	178	141	141
S15-3024	239	241	196	198	227	227	173	175	219	219	269	289	128	130	182	190	-99	-99	141	141
S15-3025	239	241	196	196	231	231	173	173	217	223	269	277	138	138	190	190	164	164	121	141
S15-3025	239	241	196	196	231	231	173	173	217	223	269	277	138	138	190	190	164	164	121	141
S15-3026	239	241	196	196	231	231	173	173	217	223	269	277	138	138	190	190	164	164	121	141
S15-3026	239	241	196	196	231	231	173	173	217	223	269	277	138	138	190	190	164	164	121	141
S15-3028	239	241	196	196	235	239	175	179	213	231	269	277	126	134	190	194	182	186	121	141
S15-3028	239	241	196	196	235	239	175	179	213	231	269	277	126	134	190	194	182	186	121	141
S15-3029	239	239	194	198	227	231	173	177	227	241	263	263	126	134	190	190	-99	-99	119	121
S15-3029	239	239	194	198	227	231	173	177	227	241	263	263	126	134	190	190	182	182	119	121
S15-3031	239	239	196	200	-99	-99	177	177	223	225	-99	-99	122	138	190	194	-99	-99	121	121
S15-3031	239	239	196	200	-99	-99	177	177	223	225	277	285	122	138	190	194	-99	-99	121	121
S15-3032	239	239	198	200	227	231	175	177	227	231	-99	-99	134	134	194	194	182	182	121	141
S15-3032	239	239	198	200	227	231	175	177	227	231	269	269	134	134	194	194	-99	-99	121	141
S15-3032	239	239	198	200	227	231	175	177	227	231	255	269	134	134	194	194	-99	-99	121	141
S15-3032	239	239	198	200	227	231	175	177	227	231	255	269	134	134	194	194	182	190	121	141
S15-3035	239	239	194	198	235	235	173	177	223	227	269	273	110	126	182	190	186	186	121	141
S15-3035	239	239	194	198	235	235	173	177	223	227	269	273	110	126	182	190	186	186	121	141
S15-3036	-99	-99	194	200	-99	-99	173	177	231	231	-99	-99	130	134	190	190	-99	-99	121	129
S15-3036	-99	-99	200	200	-99	-99	177	177	231	231	-99	-99	130	134	190	190	-99	-99	121	129
S15-3036	-99	-99	194	200	-99	-99	173	177	231	231	-99	-99	130	134	190	190	-99	-99	121	129
S15-3036	-99	-99	194	200	-99	-99	173	177	213	213	-99	-99	130	134	190	190	-99	-99	121	129
S15-3037	239	241	198	200	227	227	177	183	223	227	269	289	126	138	190	190	202	202	121	121
S15-3037	239	241	198	200	227	227	177	183	223	227	269	289	126	138	190	190	202	202	121	121
S15-3041	239	239	196	200	227	227	175	175	225	229	269	277	128	130	190	190	186	186	121	141
S15-3041	239	239	196	200	227	227	175	175	225	229	269	277	128	130	190	190	-99	-99	121	141
S15-3042	-99	-99	194	200	-99	-99	177	177	213	225	-99	-99	134	134	190	198	-99	-99	121	121
S15-3042	-99	-99	194	200	-99	-99	177	177	213	225	-99	-99	134	134	190	198	-99	-99	121	121
S15-3042	-99	-99	194	200	-99	-99	177	181	213	225	-99	-99	134	134	190	198	186	194	121	121
S15-3042	-99	-99	194	200	-99	-99	177	181	213	225	-99	-99	134	134	190	198	-99	-99	121	121
S15-3043	239	239	194	200	233	233	177	181	213	213	273	273	134	134	190	198	-99	-99	121	121
S15-3043	239	239	194	200	233	233	177	177	213	225	277	277	134	134	190	198	-99	-99	121	121
S15-3043	239	239	194	200	233	233	177	181	213	225	-99	-99	134	134	190	198	186	194	121	121
S15-3043	239	239	194	200	233	233	177	181	213	225	273	277	134	134	190	198	186	194	121	121
S15-3044	239	241	196	198	231	231	173	173	223	225	269	281	126	138	190	198	186	186	121	121
S15-3044	239	241	196	198	231	231	173	173	223	225	269	281	126	138	190	198	186	186	121	121
S15-3045	-99	-99	198	200	231	231	173	173	223	231	-99	-99	126	138	190	198	-99	-99	121	121
S15-3045	-99	-99	198	200	231	231	173	173	223	231	-99	-99	126	138	190	198	-99	-99	121	121
S15-3045	239	241	198	200	231	231	173	173	223	231	-99	-99	126	138	190	198	178	198	121	121
S15-3045	239	241	198	200	231	231	173	173	223	231	-99	-99	126	138	190	198	178	178	121	121
S15-3046	239	239	196	200	227	233	181	181	219	223	253	265	128	134	182	194	-99	-99	121	141
S15-3046	239	241	196	200	227	233	181	181	219	223	253	265	128	134	182	194	182	182	121	141
S15-3047	-99	-99	196	200	-99	-99	181	181	219	223	-99	-99	128	128	182	194	-99	-99	121	141
S15-3047	-99	-99	200	200	-99	-99	181	181	219	223	-99	-99	128	134	182	194	-99	-99	121	141
S15-3047	-99	-99	196	200	-99	-99	-99	-99	-99	-99	-99	-99	128	134	182	194	-99	-99	121	141
S15-3047	-99	-99	-99	-99	227	233	-99	-99	219	223	-99	-99	128	134	182	194	-99	-99	121	141
S15-3049	-99	-99	-99	-99	-99	-99	-99	-99	219	219	253	253	128	128	182	194	-99	-99	121	141
S15-3049	-99	-99	-99	-99	-99	-99	-99	-99	219	223	-99	-99	128	134	182	194	-99	-99	121	141
S15-3049	-99	-99	200	200	227	233	-99	-99	219	223	-99	-99	128	134	182	194	-99	-99	121	141
S15-3055	-99	-99	196	196	233	233	181	181	219	223	-99	-99	128	128	182	194	-99	-99	121	141
S15-3055	-99	-99	200	200	-99	-99	181	181	219	223	-99	-99	128	134	182	194	-99	-99	121	141
S15-3055	-99	-99	200	200	-99	-99	-99	-99	207	219	-99	-99	128	134	182	194	-99	-99	121	141
S15-3056	-99	-99	196	196	227	233	173	181	219	227	-99	-99	128	138	194	194	-99	-99	121	121
S15-3056	241	241	196	196	227	233	173	181	219	227	265	265	128	138	194	194	178	178	121	121
S15-3056	239	241	196	196	227	233	173	181	219	227	-99	-99	128	138	194	194	178	182	121	121
S15-3056	239	241	196	196	227	233	173	181	219	227	-99	-99	128	138	194	194	178	182	121	121
S15-3057	239	239	196	200	233	233	173	173	219	219	-99	-99	128	128	190	190	-99	-99	121	121
S15-3057	239	239	196	200	227	227	173	173	219	219	-99	-99	128	128	190	194	-99	-99	121	121
S15-3057	-99	-99	196	200	227	233	173	173	207	219	253	277	128	128	190	194	178	186	121	121
S15-3057	-99	-99	196	200	227	233	173	173	207	219	-99	-99	128	128	190	194	178	178	121	121
S15-3059	239	239	198	198	231	233	177	177	217	225	261	261	126	130	190	190	-99	-99	121	141
S15-3059	239	239	198	198	231	233	177	177	217	225	261	277	126	130	190	190	178	178	121	141
S15-3060	239	239	198	200	233	233	177	177	217	227	245	277	126	130	190	190	-99	-99	121	121
S15-3060	239	239	198	200	233	233	177	177	217	227	245	277	126	130	190	190	-99	-99	121	121
S15-3060	239	239	198	200	233	233	177	177	217	227	245	277	126	130	190	190	178	190	121	121
S15-3060	239	239	198	200	233	233	177	177	217	227	245	277	126	130	190	190	178	190	121	121
S15-3061	-99	-99	194	198	-99	-99	173	173	207	207	-99	-99	-99	-99	190	190	-99	-99	121	141
S15-3061	-99	-99	194	194	-99	-99	-99	-99	225	231	-99	-99	-99	-99	182	182	-99	-99	121	141
S15-3061	-99	-99	198	198	-99	-99	173	177	207	207	-99	-99	126	134	182	190	-99	-99	121	141
S15-3066	-99	-99	198	198	-99	-99	-99	-99	227	227	-99	-99	128	128	182	182	-99	-99	119	129
S15-3066	-99	-99	198	198	-99	-99	171	171	227	227	-99	-99	128	128	182	182	-99	-99	119	129
S15-3066	-99	-99	194	198	-99	-99	171	171	-99	-99	-99	-99	128	128	182	182	-99	-99	119	129
S15-3066	239	241	194	198	227	227	171	171	-99	-99	-99	-99	126	128	182	182	170	170	119	129
S15-3068	239	239	196	196	227	241	177	181	223	223	-99	-99	134	134	182	190	-99	-99	121	121
S15-3068	239	241	196	196	227	241	177	181	223	223	273	277	134	134	182	190	-99	-99	121	121
S15-3068	-99	-99	196	196	227	241	177	181	223	223	-99	-99	134	134	182	190	174	178	121	121
S15-3068	239	241	196	196	227	241	177	181	223	223	-99	-99	134	134	182	190	174	178	121	121
S15-3071	239	239	194	204	227	227	175	175	225	225	-99	-99	134	134	190	190	-99	-99	121	121
S15-3071	239	239	194	204	227	227	175	175	225	225	255	255	134	134	190	190	-99	-99	121	121
S15-3071	-99	-99	194	204	227	227	175	175	225	225	-99	-99	134	134	190	190	178	194	121	121
S15-3071	239	239	194	204	227	227	175	175	225	225	-99	-99	134	134	190	190	178	190	121	121
S15-3074	-99	-99	194	196	-99	-99	173	177	227	227	-99	-99	126	126	186	190	-99	-99	121	141
S15-3074	-99	-99	194	196	233	233	177	177	227	227	-99	-99	126	126	186	190	-99	-99	121	141
S15-3074	239	241	194	196	233	233	173	177	227	227	-99	-99	126	134	186	190	164	186	121	141
S15-3074	-99	-99	194	196	233	239	173	177	227	227	-99	-99	126	134	186	190	164	186	121	141
S15-3079	239	239	194	200	227	227	175	187	225	227	247	255	134	134	182	190	178	178	121	141
S15-3079	239	241	194	200	227	227	175	187	225	227	247	255	134	134	182	190	178	178	121	141
S15-3080	239	241	196	196	227	231	181	181	227	227	245	269	110	138	190	194	-99	-99	119	121
S15-3080	239	241	196	196	227	231	181	181	227	227	245	269	110	138	190	194	186	186	119	121
S15-3082	239	241	196	200	231	239	177	179	227	227	269	269	134	134	186	190	164	164	121	121
S15-3082	239	241	196	200	231	239	177	179	227	227	269	273	134	134	186	190	164	182	121	121
S15-3082	239	241	196	200	231	239	177	179	227	227	269	273	134	134	186	190	164	182	121	121
S15-3082	239	241	196	200	231	239	177	179	227	227	269	273	134	134	186	190	164	182	121	121
S15-3084	239	239	194	198	227	229	173	175	225	227	-99	-99	122	128	190	198	164	164	121	141
S15-3084	239	239	194	198	227	229	173	175	225	227	273	277	122	128	190	198	164	164	121	141
S15-3085	239	239	198	198	-99	-99	-99	-99	223	225	-99	-99	110	110	190	194	-99	-99	121	121
S15-3085	-99	-99	198	198	-99	-99	171	177	223	223	-99	-99	110	110	190	194	-99	-99	121	121
S15-3085	-99	-99	194	198	-99	-99	171	177	-99	-99	-99	-99	110	110	190	194	-99	-99	121	121
S15-3085	-99	-99	-99	-99	227	227	171	177	223	225	-99	-99	110	110	190	194	182	186	121	121
S15-3086	239	239	196	196	-99	-99	175	179	213	231	-99	-99	128	128	194	194	-99	-99	121	129
S15-3086	-99	-99	196	196	227	233	175	179	213	231	-99	-99	128	128	182	194	-99	-99	121	129
S15-3086	239	239	196	196	227	233	175	179	213	231	-99	-99	128	128	182	194	182	186	121	129
S15-3089	239	241	196	200	237	239	175	177	217	231	267	281	126	134	190	190	182	182	121	121
S15-3089	239	241	196	200	237	239	175	177	217	231	267	281	126	134	190	190	182	182	121	121
S15-3093	241	241	194	200	227	237	177	177	219	231	267	273	122	122	190	198	178	182	121	141
S15-3093	241	241	194	200	227	237	177	177	219	231	267	273	122	122	190	198	178	182	121	141
S15-3164	239	239	196	196	229	239	173	177	217	223	255	277	126	126	190	194	-99	-99	121	141
S15-3164	239	239	196	196	229	239	173	177	217	223	255	255	126	126	190	194	-99	-99	121	141
S15-3176	239	241	194	196	229	233	173	173	223	223	-99	-99	126	130	190	194	-99	-99	121	141
S15-3176	239	241	196	196	229	233	173	173	223	223	-99	-99	126	130	190	194	-99	-99	121	141
S15-3177	239	239	194	196	239	239	173	177	217	217	255	273	126	126	182	190	-99	-99	121	141
S15-3177	239	239	194	196	239	239	177	177	217	217	255	273	126	126	182	190	-99	-99	121	141
S15-3185	239	241	196	196	233	233	173	173	217	223	277	285	126	128	190	190	-99	-99	141	141
S15-3185	239	241	196	196	233	233	173	173	217	223	277	285	128	128	190	190	-99	-99	141	141
S15-3186	239	239	198	198	233	233	177	177	223	225	255	277	110	126	182	190	-99	-99	141	141
S15-3186	239	239	198	198	233	233	177	177	223	225	255	277	110	110	182	190	-99	-99	141	141
S15-3187	239	241	194	200	241	241	173	173	217	217	267	267	126	128	194	194	190	190	121	121
S15-3187	239	241	194	200	241	241	173	173	217	217	267	267	128	128	194	194	190	194	121	121
S15-3188	239	241	194	196	233	239	177	177	217	219	261	273	122	126	190	190	186	186	141	141
S15-3188	239	241	194	196	233	239	177	177	217	219	261	273	122	126	190	190	186	186	141	141
S15-3189	239	241	194	196	233	233	177	177	217	219	263	273	110	126	190	190	-99	-99	121	141
S15-3189	239	241	194	196	233	233	177	177	217	219	263	273	110	126	190	190	182	182	121	141
S15-3192	239	241	196	196	229	237	177	177	217	219	261	273	126	134	190	198	-99	-99	121	121
S15-3192	239	241	196	196	229	237	177	177	217	219	261	273	126	134	190	198	174	174	121	121
S15-3193	239	241	196	198	229	237	177	177	219	219	261	273	126	134	182	194	-99	-99	121	141
S15-3193	239	241	196	198	229	237	177	177	219	219	261	273	126	134	182	194	-99	-99	121	141
S15-3194	239	241	196	198	233	237	173	177	217	219	261	261	128	134	182	190	186	186	121	141
S15-3194	239	241	196	198	233	237	173	177	217	219	261	261	128	134	182	190	182	186	121	141
S15-3196	239	241	196	196	229	233	177	177	217	223	261	261	128	128	182	190	164	186	121	141
S15-3196	239	241	196	196	229	233	177	177	217	223	261	261	128	128	182	190	164	186	121	141
S15-3197	239	239	196	200	229	229	177	177	217	219	261	261	126	128	190	198	186	186	121	121
S15-3197	239	239	196	200	229	229	177	177	217	219	261	261	126	128	190	198	186	186	121	121
S15-3198	239	239	196	196	229	233	173	177	217	217	261	267	126	134	190	202	-99	-99	121	121
S15-3198	239	239	196	196	229	233	173	177	217	217	261	267	126	134	190	202	186	194	121	121
S15-3199	241	241	196	196	237	237	177	177	217	219	-99	-99	126	134	190	198	-99	-99	121	121
S15-3199	241	241	196	196	229	237	177	177	217	219	261	273	126	134	190	198	-99	-99	121	121
S15-3200	239	239	196	198	229	233	177	177	219	219	261	263	128	128	190	194	182	186	121	141
S15-3200	239	239	196	198	229	233	177	177	219	219	261	263	128	128	190	194	182	186	121	141
S15-3201	239	239	194	198	229	231	-99	-99	221	223	261	263	122	128	182	190	-99	-99	121	121
S15-3201	239	239	194	198	229	231	-99	-99	221	223	261	263	122	128	182	190	-99	-99	121	121
S15-3202	239	239	196	200	229	229	177	177	219	219	-99	-99	126	134	194	198	-99	-99	121	121
S15-3204	239	239	196	196	229	233	173	177	217	219	261	267	126	134	190	202	-99	-99	121	121
S15-3204	239	239	196	196	-99	-99	173	177	219	219	261	267	134	134	190	202	-99	-99	121	121
S15-3205	239	239	196	198	233	237	173	177	217	219	261	261	128	134	182	190	-99	-99	121	141
S15-3205	239	241	196	198	233	237	173	177	217	219	-99	-99	128	134	182	190	-99	-99	121	141
S15-3206	239	239	194	198	229	231	-99	-99	221	223	-99	-99	122	128	182	190	-99	-99	121	121
S15-3206	239	239	194	198	229	231	-99	-99	221	223	261	263	122	128	182	190	-99	-99	121	121
S15-3207	239	241	196	196	229	237	177	177	217	219	261	273	126	134	190	198	182	186	121	121
S15-3207	239	241	196	196	229	237	177	177	217	219	261	273	126	134	190	198	182	186	121	121
S15-3208	239	241	194	196	233	233	173	173	217	235	263	267	126	134	190	194	170	170	121	141
S15-3208	239	241	194	196	233	233	173	173	217	235	263	267	126	134	190	194	-99	-99	121	141
S15-3209	239	241	196	196	229	233	177	177	217	223	261	261	128	128	182	190	164	164	121	141
S15-3209	239	241	196	196	229	233	177	177	217	223	261	261	128	128	182	190	-99	-99	121	141
S15-3210	239	241	196	198	229	229	173	173	215	223	261	277	126	126	182	194	190	190	141	141
S15-3210	239	241	196	198	229	229	173	173	215	223	261	277	126	126	182	194	-99	-99	141	141
S15-3211	239	241	196	196	231	241	177	177	217	223	261	285	126	130	182	194	190	190	121	141
S15-3211	239	241	196	196	231	241	177	177	217	223	261	285	126	130	182	194	-99	-99	121	141
S15-3213	239	241	194	196	231	239	173	177	223	223	273	285	126	130	182	190	-99	-99	121	121
S15-3213	239	241	194	196	231	239	173	177	223	223	273	285	126	130	182	190	-99	-99	121	121
S15-3214	239	241	198	198	229	229	173	173	217	217	285	285	126	134	182	194	-99	-99	121	129
S15-3214	-99	-99	196	198	229	229	173	173	215	217	273	285	126	134	182	194	-99	-99	121	129
S15-3216	239	241	196	196	237	237	181	181	223	239	273	285	128	130	190	190	164	164	141	141
S15-3216	239	241	196	196	237	237	181	181	223	239	273	285	128	128	190	190	-99	-99	141	141
S15-3218	239	241	196	196	229	229	181	181	223	225	267	273	130	130	190	202	-99	-99	141	141
S15-3218	239	241	196	196	229	229	181	181	223	225	267	273	130	130	190	202	-99	-99	141	141
S15-3219	239	241	196	196	229	237	173	173	225	239	267	273	126	126	194	194	-99	-99	129	141
S15-3219	239	241	196	196	229	237	173	173	225	239	267	273	126	126	194	194	178	194	129	141
S15-3220	239	241	196	196	231	241	177	177	217	223	261	261	126	130	182	194	-99	-99	121	141
S15-3220	239	241	196	196	231	241	177	177	217	223	261	285	126	130	182	194	-99	-99	121	141
S15-3221	239	241	194	194	239	241	173	177	215	223	261	285	126	130	-99	-99	-99	-99	121	141
S15-3221	239	241	194	194	239	241	173	177	215	223	261	285	126	130	182	194	206	206	121	141
S15-3223	239	241	194	196	239	239	173	177	223	223	273	285	126	130	182	190	-99	-99	121	121
S15-3223	239	241	194	196	231	239	173	177	223	223	273	285	126	130	182	190	-99	-99	121	121
S15-3225	239	239	196	196	229	239	177	177	217	223	277	285	130	134	190	190	194	194	121	141
S15-3225	239	239	196	196	229	239	177	177	217	223	277	285	130	130	190	202	-99	-99	121	141
S15-3226	239	239	196	196	229	239	177	177	217	223	277	285	130	134	190	202	-99	-99	121	141
S15-3226	239	239	196	196	229	239	177	177	217	223	277	285	130	130	190	202	-99	-99	121	141
S15-3227	239	241	196	196	231	241	177	177	217	223	261	285	126	130	182	194	-99	-99	121	141
S15-3227	239	241	196	196	231	241	177	177	217	223	261	285	130	130	182	194	-99	-99	121	141
S15-3228	239	241	194	196	231	239	173	177	223	223	273	285	126	130	182	190	-99	-99	121	121
S15-3228	239	241	194	196	231	239	173	177	223	223	273	285	126	130	182	190	-99	-99	121	121
S15-3229	239	241	196	196	231	241	177	177	217	223	261	285	126	130	182	194	-99	-99	121	141
S15-3229	-99	-99	196	196	231	241	177	177	217	223	-99	-99	126	130	182	194	-99	-99	121	141
S15-3230	239	241	198	198	229	229	173	177	217	239	-99	-99	130	130	194	194	-99	-99	141	141
S15-3230	239	241	198	202	229	229	173	177	217	217	-99	-99	126	130	194	194	-99	-99	141	141
S15-3231	241	241	194	198	229	229	177	177	217	217	263	273	126	130	190	194	194	194	121	141
S15-3231	241	241	194	198	229	229	177	177	217	217	263	273	126	130	190	194	-99	-99	121	141
S15-3233	-99	-99	196	196	231	231	173	177	223	223	-99	-99	126	130	182	190	-99	-99	121	121
S15-3233	-99	-99	194	194	231	239	173	177	223	223	273	285	130	130	182	190	-99	-99	121	121
S15-3234	239	241	196	198	229	229	173	173	215	223	261	261	126	126	182	194	-99	-99	141	141
S15-3234	239	241	196	198	229	229	173	173	215	223	261	277	126	126	182	194	190	194	141	141
S15-3235	239	241	194	196	231	231	173	173	217	239	273	285	134	138	190	190	182	198	141	141
S15-3235	239	241	194	196	231	231	173	173	217	239	273	285	138	138	190	190	182	198	141	141
S15-3236	239	241	194	196	231	239	173	177	223	223	273	285	126	130	182	190	-99	-99	121	121
S15-3236	239	241	194	196	231	239	173	177	223	223	273	285	130	130	182	190	-99	-99	121	121
S15-3237	239	241	194	196	231	231	173	173	217	239	273	285	134	138	190	190	182	182	141	141
S15-3237	239	241	194	196	231	231	173	173	217	239	273	285	138	138	190	190	182	198	141	141
S15-3238	239	241	194	194	239	241	173	177	215	223	261	261	126	130	182	194	-99	-99	121	141
S15-3238	239	239	194	194	239	241	173	177	-99	-99	-99	-99	130	130	182	194	-99	-99	121	141
S15-3239	239	241	196	198	229	229	173	173	215	217	273	285	126	134	182	194	-99	-99	121	129
S15-3239	239	241	196	198	229	229	173	173	217	217	273	285	126	134	182	194	194	198	121	129
S15-3240	239	241	196	198	229	229	173	173	215	217	273	285	126	134	182	194	194	198	121	129
S15-3240	239	241	196	198	229	229	173	173	215	217	273	285	126	134	182	194	194	198	121	129
S15-3241	239	241	196	196	231	241	177	177	217	223	261	285	130	130	182	194	-99	-99	121	141
S15-3241	239	241	196	196	231	241	177	177	217	223	261	285	130	130	182	194	-99	-99	121	141
S15-3245	239	241	196	196	237	237	181	181	223	239	273	285	128	130	190	190	164	194	141	141
S15-3245	239	241	196	196	237	237	181	181	223	239	273	285	128	128	190	190	164	194	141	141
S15-3246	239	241	196	198	229	233	173	173	217	223	261	277	128	128	190	202	194	194	121	141
S15-3246	239	241	196	198	229	233	173	173	217	223	261	277	128	128	190	202	-99	-99	121	141
S15-3249	239	241	194	196	231	231	173	173	217	239	273	285	138	138	190	190	-99	-99	141	141
S15-3249	239	241	194	196	231	231	173	173	217	239	273	285	138	138	190	190	-99	-99	141	141
S15-3250	239	241	196	196	237	237	181	181	223	239	273	285	128	130	190	190	164	164	141	141
S15-3250	239	241	196	196	237	237	181	181	223	239	273	285	128	128	190	190	164	164	141	141
S15-3251	239	241	196	198	231	231	173	185	217	223	273	273	130	134	182	194	-99	-99	121	141
S15-3251	239	241	196	198	231	231	173	185	217	223	273	277	130	130	182	194	170	194	121	141
S15-3253	239	241	198	198	229	229	179	179	217	219	255	255	126	130	190	194	-99	-99	141	141
S15-3253	239	241	198	198	229	229	179	179	217	217	255	277	126	126	190	194	-99	-99	141	141
S15-3254	239	239	196	196	229	233	173	181	217	225	267	267	126	130	182	190	186	194	129	141
S15-3254	239	239	196	196	229	233	173	181	217	225	267	267	126	130	182	190	186	194	129	141
S15-3256	239	239	196	198	229	233	177	177	217	217	273	273	126	130	190	190	186	190	121	141
S15-3256	239	239	196	198	229	233	177	177	217	217	273	273	126	126	190	190	186	190	121	141
S15-3258	241	241	196	198	227	227	177	181	217	219	255	285	128	128	194	194	-99	-99	141	141
S15-3258	241	241	196	198	227	227	177	181	217	219	255	285	128	128	194	194	-99	-99	141	141
S15-3259	239	241	194	196	233	237	173	173	217	217	255	267	122	126	182	190	-99	-99	121	141
S15-3259	239	241	194	196	233	237	173	173	217	217	255	267	122	126	182	190	190	194	121	141
S15-3260	239	241	196	196	229	229	173	181	219	219	255	263	122	134	190	190	-99	-99	141	141
S15-3260	239	241	196	196	229	229	173	181	219	219	255	263	122	134	190	190	-99	-99	141	141
S15-3261	241	241	196	200	229	229	173	173	217	217	261	267	110	126	190	194	-99	-99	129	141
S15-3261	241	241	196	200	229	229	173	173	217	217	261	267	110	126	190	194	-99	-99	129	141
S15-3262	241	241	196	200	229	229	173	173	217	217	261	267	110	126	190	194	-99	-99	129	141
S15-3262	241	241	196	200	229	229	173	173	217	217	261	267	110	126	190	194	-99	-99	129	141
S15-3263	241	241	196	198	237	237	173	177	217	219	263	273	126	130	194	194	194	194	141	141
S15-3263	241	241	196	198	237	237	173	177	217	219	263	273	126	130	194	194	194	194	141	141
S15-3265	239	239	196	198	229	233	177	177	217	217	273	273	126	130	190	190	186	190	121	141
S15-3265	239	239	196	198	229	233	177	177	217	217	273	273	126	126	190	190	186	190	121	141
S15-3271	239	241	194	194	229	237	-99	-99	217	221	263	273	126	128	182	190	-99	-99	121	141
S15-3271	239	241	194	194	229	229	181	181	217	221	263	273	126	128	182	190	-99	-99	121	141
S15-3273	241	241	196	198	229	237	181	181	219	221	263	267	128	128	182	190	-99	-99	141	141
S15-3273	241	241	196	198	229	237	-99	-99	219	221	263	267	128	128	182	190	-99	-99	141	141
S15-3274	239	239	194	200	229	229	177	181	217	217	261	273	126	126	182	194	-99	-99	121	121
S15-3274	239	239	194	200	229	229	177	181	217	217	-99	-99	126	126	182	194	-99	-99	121	121
S15-3275	239	239	194	200	229	229	177	181	217	217	261	273	126	126	182	194	-99	-99	121	121
S15-3275	239	239	194	200	229	229	177	181	217	217	261	273	126	126	182	194	-99	-99	121	121
S15-3277	241	241	194	196	229	237	173	173	223	225	277	285	128	138	190	194	-99	-99	121	141
S15-3277	241	241	194	196	229	237	173	173	223	225	277	285	128	138	190	194	-99	-99	121	141
S15-3278	-99	-99	194	196	233	237	173	173	219	223	-99	-99	128	128	194	202	-99	-99	121	121
S15-3278	-99	-99	194	196	233	237	173	173	219	223	261	277	128	128	194	202	-99	-99	121	121
S15-3279	241	241	196	196	233	235	173	177	215	225	277	285	130	130	190	190	-99	-99	121	141
S15-3279	241	241	196	196	233	235	173	177	215	225	277	285	130	130	190	190	-99	-99	121	141
S15-3281	241	241	196	196	233	235	173	177	215	225	-99	-99	130	130	190	190	-99	-99	121	141
S15-3281	241	241	196	196	233	235	173	177	215	225	277	285	130	130	190	190	-99	-99	121	141
S15-3285	239	239	194	196	239	239	173	177	217	217	255	273	126	126	182	190	-99	-99	121	141
S15-3285	239	239	194	196	239	239	173	177	217	217	255	273	126	126	182	190	-99	-99	121	141
S15-3291	239	241	194	196	231	239	173	177	223	223	273	285	126	130	182	190	-99	-99	121	121
S15-3291	239	241	194	196	231	239	173	177	223	223	273	285	126	130	182	190	190	194	121	121
