consensus	X	Loc_1	X.1	Loc_2	X.2	Loc_3	X.3	Loc_4	X.4	Loc_5	X.5	Loc_6	X.6	Loc_7	X.7	Loc_8	X.8	Loc_9	X.9	Loc_10	X.10
replicates	Sample_197	-99	-99	200	200	-99	-99	175	175	213	213	-99	-99	126	126	190	194	-99	-99	121	141
replicates	Sample_481	239	241	198	200	227	231	175	175	223	223	255	277	134	134	190	190	164	194	121	121
replicates	Sample_177	241	241	196	200	-99	-99	175	175	227	227	273	273	104	122	190	190	178	190	121	121
replicates	Sample_69	239	241	196	196	229	233	173	173	213	213	273	277	122	134	182	190	190	190	121	121
replicates	Sample_244	-99	-99	194	200	227	227	-99	-99	-99	-99	-99	-99	122	128	182	190	190	190	141	141
replicates	Sample_146	239	241	-99	-99	227	229	175	177	-99	-99	-99	-99	122	134	190	190	-99	-99	121	121
replicates	Sample_115	-99	-99	-99	-99	-99	-99	-99	-99	-99	-99	-99	-99	-99	-99	-99	-99	-99	-99	-99	-99
replicates	Sample_64	241	241	196	200	229	229	175	175	219	227	-99	-99	122	138	190	190	-99	-99	121	121
replicates	Sample_168	-99	-99	-99	-99	-99	-99	-99	-99	-99	-99	-99	-99	-99	-99	-99	-99	-99	-99	-99	-99
replicates	Sample_136	-99	-99	196	200	-99	-99	177	177	213	213	-99	-99	126	138	182	194	-99	-99	121	141
replicates	Sample_232	239	241	194	200	227	231	177	177	239	239	273	277	122	128	182	190	190	190	141	141
replicates	Sample_155	-99	-99	196	196	233	233	177	177	227	235	-99	-99	126	128	190	190	160	190	121	141
replicates	Sample_222	241	241	196	200	229	233	175	175	213	219	273	277	122	122	190	190	-99	-99	121	121
replicates	Sample_222	241	241	196	200	229	233	175	175	213	219	273	277	122	122	190	190	190	198	121	121
replicates	Sample_311	-99	-99	196	200	-99	-99	175	175	213	239	-99	-99	126	128	182	190	190	190	141	141
replicates	Sample_327	-99	-99	194	200	-99	-99	177	177	-99	-99	-99	-99	122	128	182	190	190	190	141	141
replicates	Sample_118	-99	-99	198	200	-99	-99	173	175	-99	-99	-99	-99	122	134	190	190	178	190	121	141
replicates	Sample_161	-99	-99	-99	-99	-99	-99	-99	-99	-99	-99	-99	-99	-99	-99	-99	-99	-99	-99	-99	-99
replicates	Sample_210	-99	-99	-99	-99	-99	-99	-99	-99	231	231	-99	-99	128	128	190	190	-99	-99	121	141
replicates	Sample_444	241	241	196	196	227	231	161	177	223	239	255	273	122	134	190	198	194	194	119	141
replicates	Sample_421	-99	-99	196	196	231	231	-99	-99	-99	-99	-99	-99	134	134	190	190	164	194	119	141
replicates	Sample_382	241	241	198	200	-99	-99	161	179	213	213	-99	-99	134	134	190	190	190	194	121	121
replicates	Sample_226	-99	-99	196	196	229	229	161	161	219	231	277	277	122	128	182	190	182	190	121	121
replicates	Sample_159	239	241	196	196	231	233	177	177	213	235	277	277	126	126	190	194	190	194	121	141
replicates	Sample_358	239	241	196	200	227	227	161	175	223	227	261	273	134	134	190	194	182	190	119	121
replicates	Sample_363	-99	-99	196	196	-99	-99	161	161	-99	-99	-99	-99	122	134	-99	-99	194	194	119	141
replicates	Sample_198	-99	-99	-99	-99	-99	-99	-99	-99	-99	-99	-99	-99	-99	-99	194	194	-99	-99	121	141
replicates	Sample_444	241	241	196	196	227	231	161	177	223	239	255	273	122	134	190	198	194	194	119	141
replicates	Sample_463	239	241	200	200	231	231	177	177	227	227	245	255	134	144	190	194	182	194	121	121
replicates	Sample_206	239	241	196	200	233	233	177	177	213	227	273	277	126	138	182	194	182	182	121	141
replicates	Sample_2	-99	-99	-99	-99	-99	-99	-99	-99	-99	-99	-99	-99	-99	-99	190	198	-99	-99	121	121
replicates	Sample_128	239	241	198	200	227	233	173	175	213	217	245	273	122	134	190	190	178	190	121	141
replicates	Sample_472	239	241	196	196	227	231	175	179	223	227	255	277	134	134	182	190	164	190	121	121
replicates	Sample_202	-99	-99	196	196	-99	-99	177	177	213	213	-99	-99	138	138	182	194	-99	-99	121	141
replicates	Sample_203	241	241	196	202	231	231	175	177	231	235	263	273	122	122	182	190	160	170	141	141
replicates	Sample_457	-99	-99	-99	-99	-99	-99	-99	-99	-99	-99	-99	-99	-99	-99	-99	-99	-99	-99	-99	-99
replicates	Sample_255	239	241	194	196	233	233	177	177	227	235	261	273	134	138	190	190	182	190	121	141
replicates	Sample_188	-99	-99	194	194	-99	-99	175	175	213	227	-99	-99	138	138	182	190	-99	-99	121	121
replicates	Sample_284	239	241	194	200	227	231	177	177	239	239	273	277	122	128	182	190	190	190	141	141
replicates	Sample_91	239	241	196	196	233	233	177	177	223	227	-99	-99	128	138	190	190	174	174	121	141
replicates	Sample_137	239	239	196	198	-99	-99	177	177	-99	-99	277	277	126	128	190	190	-99	-99	121	141
replicates	Sample_422	239	239	196	200	-99	-99	175	175	-99	-99	-99	-99	134	134	190	190	182	190	121	121
replicates	Sample_428	239	241	200	200	231	233	161	161	239	239	261	273	122	134	190	190	186	190	121	121
replicates	Sample_86	239	241	194	196	229	229	161	175	231	239	273	277	138	138	190	190	164	164	121	141
replicates	Sample_133	239	241	198	200	227	233	175	175	213	223	245	273	122	126	190	198	-99	-99	119	141
replicates	Sample_32	-99	-99	-99	-99	-99	-99	-99	-99	-99	-99	-99	-99	-99	-99	-99	-99	-99	-99	121	121
replicates	Sample_176	241	241	196	200	229	229	175	175	227	227	273	277	122	122	190	190	194	194	121	121
replicates	Sample_9	-99	-99	-99	-99	-99	-99	-99	-99	-99	-99	-99	-99	-99	-99	-99	-99	-99	-99	-99	-99
replicates	Sample_430	-99	-99	-99	-99	-99	-99	-99	-99	-99	-99	-99	-99	-99	-99	194	194	-99	-99	-99	-99
replicates	Sample_127	241	241	196	196	227	227	175	179	223	227	273	277	122	128	190	190	190	194	121	141
replicates	Sample_153	239	239	196	196	227	233	175	179	213	231	255	267	128	128	194	198	-99	-99	121	141
replicates	Sample_155	239	239	198	198	233	233	177	177	235	235	-99	-99	126	128	-99	-99	-99	-99	121	141
replicates	Sample_122	-99	-99	-99	-99	-99	-99	-99	-99	-99	-99	-99	-99	-99	-99	-99	-99	-99	-99	-99	-99
replicates	Sample_81	241	241	196	196	233	233	161	177	219	227	245	245	126	126	190	190	164	164	121	141
replicates	Sample_182	-99	-99	198	198	227	227	175	175	223	231	-99	-99	128	138	190	190	160	160	121	141
replicates	Sample_96	-99	-99	196	196	231	233	177	177	213	235	277	277	126	126	190	194	190	194	121	141
replicates	Sample_3	241	241	196	196	227	233	177	177	223	231	273	273	122	130	190	190	160	160	121	141
replicates	Sample_156	239	239	200	200	227	227	175	175	223	231	-99	-99	122	126	190	190	-99	-99	121	141
replicates	Sample_419	241	241	200	200	231	231	161	175	227	239	255	273	134	134	190	194	186	194	121	141
replicates	Sample_175	-99	-99	196	196	227	227	177	177	217	219	273	273	122	122	182	190	182	182	121	141
replicates	Sample_291	-99	-99	-99	-99	-99	-99	-99	-99	-99	-99	-99	-99	-99	-99	-99	-99	-99	-99	-99	-99
replicates	Sample_308	-99	-99	198	200	231	233	177	177	213	239	273	273	122	128	182	182	190	190	121	141
replicates	Sample_455	-99	-99	-99	-99	-99	-99	-99	-99	-99	-99	-99	-99	-99	-99	-99	-99	-99	-99	-99	-99
replicates	Sample_350	239	241	194	200	227	231	177	177	233	239	273	277	122	128	182	190	190	190	141	141
replicates	Sample_226	241	241	-99	-99	-99	-99	161	161	231	231	-99	-99	128	128	182	190	-99	-99	121	121
replicates	Sample_261	239	241	198	200	231	233	177	177	-99	-99	273	277	122	128	182	194	190	190	121	141
replicates	Sample_161	-99	-99	-99	-99	-99	-99	-99	-99	-99	-99	-99	-99	-99	-99	190	190	-99	-99	-99	-99
replicates	Sample_61	241	241	196	196	233	233	161	173	213	223	273	277	122	122	190	198	-99	-99	121	141
replicates	Sample_362	239	239	200	200	-99	-99	161	175	239	239	-99	-99	122	122	190	190	178	186	121	141
replicates	Sample_124	-99	-99	196	196	-99	-99	173	181	219	231	-99	-99	128	128	190	198	-99	-99	119	141
replicates	Sample_361	-99	-99	200	200	-99	-99	175	175	227	227	-99	-99	122	126	182	194	164	190	121	141
replicates	Sample_235	-99	-99	-99	-99	-99	-99	-99	-99	-99	-99	-99	-99	128	128	190	190	-99	-99	141	141
replicates	Sample_59	-99	-99	-99	-99	-99	-99	-99	-99	231	231	-99	-99	138	138	190	198	-99	-99	121	121
replicates	Sample_380	239	241	200	200	231	231	161	175	227	239	273	273	122	134	190	190	178	186	121	141
replicates	Sample_342	239	241	198	200	233	233	173	177	213	213	255	263	122	134	182	182	178	182	121	121
replicates	Sample_196	239	241	196	196	227	233	175	175	213	231	255	267	128	128	194	198	190	194	121	141
replicates	Sample_172	241	241	196	200	229	229	175	175	227	227	-99	-99	122	122	190	190	194	194	121	121
replicates	Sample_317	239	239	198	200	241	241	177	177	217	227	255	277	134	134	190	190	164	190	121	141
replicates	Sample_147	239	241	196	196	-99	-99	175	179	213	231	-99	-99	128	128	194	198	-99	-99	121	141
replicates	Sample_47	239	241	196	196	229	233	175	175	213	231	245	273	138	138	190	198	190	190	129	141
replicates	Sample_48	-99	-99	-99	-99	-99	-99	-99	-99	-99	-99	-99	-99	-99	-99	-99	-99	-99	-99	-99	-99
replicates	Sample_131	239	241	196	200	229	229	175	177	219	219	269	277	122	128	182	190	190	190	121	121
replicates	Sample_151	-99	-99	196	196	-99	-99	161	181	-99	231	-99	-99	128	128	182	194	-99	-99	121	141
replicates	Sample_84	239	241	196	196	229	229	161	175	231	239	273	277	138	138	190	190	-99	-99	121	141
replicates	Sample_433	239	239	200	200	231	231	161	175	227	239	273	273	122	134	190	190	178	186	121	141
replicates	Sample_156	-99	-99	-99	-99	-99	-99	175	175	223	223	-99	-99	122	126	190	190	186	186	121	141
replicates	Sample_66	241	241	196	196	233	233	161	173	213	223	-99	-99	122	122	-99	-99	174	174	121	141
replicates	Sample_354	-99	-99	-99	-99	-99	-99	-99	-99	-99	-99	-99	-99	-99	-99	-99	-99	-99	-99	-99	-99
replicates	Sample_188	-99	-99	194	196	-99	-99	175	175	213	227	-99	-99	138	138	182	190	-99	-99	121	121
replicates	Sample_93	-99	-99	194	194	-99	-99	175	175	213	227	-99	-99	-99	-99	182	190	-99	-99	121	121
replicates	Sample_178	-99	-99	196	196	-99	-99	175	175	231	231	-99	-99	126	134	190	190	-99	-99	121	121
replicates	Sample_336	-99	-99	-99	-99	-99	-99	-99	-99	-99	-99	-99	-99	-99	-99	190	190	-99	-99	121	129
replicates	Sample_465	239	241	200	200	227	227	177	177	223	227	255	277	134	134	194	198	164	186	121	121
replicates	Sample_348	-99	-99	200	200	-99	-99	177	177	-99	-99	-99	-99	122	128	182	190	-99	-99	141	141
replicates	Sample_228	241	241	196	196	227	233	173	181	219	219	245	273	128	134	198	198	190	190	119	141
replicates	Sample_119	239	241	196	200	229	229	175	175	219	227	273	277	122	138	190	190	190	198	121	121
replicates	Sample_418	-99	-99	200	200	-99	-99	175	175	-99	-99	-99	-99	-99	-99	190	190	-99	-99	121	121
replicates	Sample_339	239	241	194	196	233	233	177	177	227	235	261	273	134	138	190	190	182	182	121	141
replicates	Sample_53	241	241	196	196	233	233	173	173	221	235	245	277	126	128	182	190	-99	-99	141	141
replicates	Sample_432	239	241	200	200	231	231	161	175	227	239	273	273	122	134	190	190	178	186	121	141
replicates	Sample_397	241	241	200	200	231	231	161	175	227	239	255	273	134	134	190	194	186	194	121	141
replicates	Sample_174	241	241	196	200	229	229	175	175	227	227	273	277	122	122	190	190	194	198	121	121
replicates	Sample_150	239	239	196	200	229	229	175	175	227	227	273	277	122	122	190	190	-99	-99	121	121
replicates	Sample_99	241	241	196	200	229	229	175	177	219	219	269	277	122	128	182	190	-99	-99	121	121
replicates	Sample_424	-99	-99	-99	-99	-99	-99	-99	-99	-99	-99	-99	-99	-99	-99	-99	-99	-99	-99	-99	-99
replicates	Sample_21	-99	-99	-99	-99	-99	-99	-99	-99	-99	-99	-99	-99	-99	-99	-99	-99	-99	-99	-99	-99
replicates	Sample_278	239	241	196	196	227	233	175	175	213	239	277	277	128	128	182	190	190	190	141	141
replicates	Sample_296	239	239	196	200	227	227	175	175	213	213	277	277	128	128	182	190	190	190	141	141
replicates	Sample_151	239	241	196	196	233	233	-99	-99	231	231	253	273	128	128	182	194	182	190	121	141
replicates	Sample_475	239	241	196	200	227	231	177	177	213	217	269	273	134	134	182	190	194	198	121	121
replicates	Sample_295	239	239	194	200	-99	-99	-99	-99	-99	-99	-99	-99	122	128	-99	-99	-99	-99	141	141
replicates	Sample_14	-99	-99	200	200	-99	-99	-99	-99	221	223	-99	-99	122	122	190	190	-99	-99	121	121
replicates	Sample_260	239	241	196	200	227	233	175	175	213	227	261	277	126	134	182	194	190	190	121	141
replicates	Sample_417	-99	-99	-99	-99	-99	-99	-99	-99	-99	-99	-99	-99	-99	-99	-99	-99	-99	-99	119	121
replicates	Sample_392	-99	-99	-99	-99	-99	-99	-99	-99	-99	-99	-99	-99	-99	-99	-99	-99	-99	-99	121	121
replicates	Sample_344	239	241	198	200	233	233	173	177	213	213	255	263	122	134	182	182	178	182	121	121
replicates	Sample_485	239	241	198	200	227	231	175	177	219	223	255	277	134	134	190	190	164	194	121	121
replicates	Sample_320	239	241	196	200	227	227	-99	-99	213	239	277	277	126	128	182	190	190	190	141	141
replicates	Sample_83	239	241	196	196	233	233	177	177	227	231	245	273	128	128	190	198	-99	-99	121	141
replicates	Sample_148	239	239	196	200	229	229	175	175	227	235	-99	-99	122	122	190	190	-99	-99	121	141
replicates	Sample_222	239	239	196	200	229	233	175	175	213	219	273	277	122	122	190	190	190	198	121	121
replicates	Sample_246	-99	-99	200	200	-99	-99	177	177	213	213	277	277	122	128	182	182	190	190	121	141
replicates	Sample_335	-99	-99	196	200	-99	-99	175	175	213	213	-99	-99	126	128	190	190	-99	-99	141	141
replicates	Sample_4	-99	-99	200	200	-99	-99	175	177	223	223	-99	-99	122	122	190	190	-99	-99	141	141
replicates	Sample_424	-99	-99	-99	-99	-99	-99	-99	-99	-99	-99	-99	-99	-99	-99	-99	-99	-99	-99	-99	-99
replicates	Sample_266	-99	-99	-99	-99	-99	-99	177	177	-99	-99	-99	-99	122	128	182	190	-99	-99	141	141
replicates	Sample_304	239	241	198	200	233	233	-99	-99	213	213	255	263	122	134	182	182	178	182	121	121
replicates	Sample_429	239	241	200	200	231	233	161	179	239	239	261	273	122	134	190	190	186	190	121	121
replicates	Sample_353	241	241	200	200	231	231	177	177	227	227	-99	-99	134	134	190	190	164	194	121	121
replicates	Sample_262	-99	-99	-99	-99	-99	-99	177	177	-99	-99	-99	-99	122	128	182	190	-99	-99	141	141
replicates	Sample_215	-99	-99	-99	-99	-99	-99	-99	-99	-99	-99	-99	-99	-99	-99	190	190	-99	-99	121	121
replicates	Sample_360	-99	-99	200	200	-99	-99	161	175	-99	-99	-99	-99	122	134	190	190	178	186	121	141
replicates	Sample_206	-99	-99	200	200	-99	-99	177	177	213	227	-99	-99	126	138	182	194	-99	-99	121	141
replicates	Sample_222	241	241	196	200	229	233	175	175	213	219	273	277	122	122	190	190	190	198	121	121
replicates	Sample_178	239	241	196	196	233	233	175	175	231	231	273	273	126	134	190	190	182	190	121	121
replicates	Sample_481	239	241	198	200	227	231	175	175	219	223	255	277	134	134	190	190	164	194	121	121
replicates	Sample_275	241	241	196	200	227	233	175	175	213	239	277	277	128	128	182	190	190	190	141	141
replicates	Sample_456	-99	-99	-99	-99	-99	-99	-99	-99	-99	-99	-99	-99	-99	-99	-99	-99	-99	-99	-99	-99
replicates	Sample_85	241	241	196	202	231	231	175	177	231	235	263	273	122	122	182	190	-99	-99	141	141
replicates	Sample_219	-99	-99	-99	-99	-99	-99	-99	-99	-99	-99	-99	-99	-99	-99	-99	-99	-99	-99	-99	-99
replicates	Sample_412	239	241	200	200	231	233	161	179	239	239	261	273	122	134	190	190	186	190	121	121
replicates	Sample_288	-99	-99	200	200	227	233	175	175	213	213	-99	-99	128	128	182	190	-99	-99	141	141
replicates	Sample_237	239	241	200	200	-99	-99	177	177	213	239	-99	-99	122	128	182	182	190	190	121	141
replicates	Sample_264	241	241	196	200	-99	-99	177	177	213	213	-99	-99	122	122	182	190	190	190	121	141
replicates	Sample_430	-99	-99	-99	-99	-99	-99	-99	-99	-99	-99	-99	-99	-99	-99	-99	-99	-99	-99	-99	-99
replicates	Sample_182	-99	-99	198	198	227	227	175	175	223	231	-99	-99	128	138	190	190	160	160	121	141
replicates	Sample_452	241	241	196	196	227	231	161	177	223	239	255	273	122	134	190	198	194	194	119	141
replicates	Sample_64	241	241	196	200	229	229	175	175	219	227	277	277	122	138	190	190	-99	-99	121	121
replicates	Sample_420	-99	-99	-99	-99	-99	-99	-99	-99	-99	-99	-99	-99	-99	-99	-99	-99	-99	-99	-99	-99
replicates	Sample_195	239	241	196	200	229	229	175	175	219	227	273	277	122	138	190	190	190	198	121	121
replicates	Sample_286	241	241	194	200	227	227	177	177	239	239	273	277	122	128	182	190	186	190	141	141
replicates	Sample_251	239	239	198	200	231	233	177	177	213	239	273	273	122	128	182	182	190	190	121	141
replicates	Sample_487	-99	-99	200	200	-99	-99	161	177	239	239	255	255	134	134	190	190	164	194	121	121
replicates	Sample_370	241	241	198	200	227	227	175	177	213	227	255	273	134	134	190	190	182	194	121	121
replicates	Sample_469	-99	-99	196	196	-99	-99	173	177	223	223	267	267	134	134	190	190	190	194	121	121
replicates	Sample_132	239	241	196	200	-99	-99	177	177	219	219	269	277	122	128	182	190	190	190	121	121
replicates	Sample_151	239	241	196	196	233	233	-99	-99	231	231	253	273	128	128	182	194	182	190	121	141
replicates	Sample_421	-99	-99	196	196	227	227	175	175	-99	-99	-99	-99	134	134	190	190	164	164	119	141
replicates	Sample_24	239	241	196	196	227	233	175	179	231	231	273	285	134	134	182	190	186	186	141	141
replicates	Sample_93	-99	-99	194	196	-99	-99	177	177	213	227	-99	-99	134	138	182	190	178	182	121	121
replicates	Sample_471	239	241	196	200	227	231	177	177	213	219	255	277	122	134	190	190	190	194	119	121
replicates	Sample_253	239	241	194	200	227	231	177	177	239	239	-99	-99	122	128	182	190	190	190	141	141
replicates	Sample_395	239	239	196	200	231	231	177	177	213	239	273	277	122	138	190	190	182	194	121	141
replicates	Sample_56	241	241	196	196	227	233	173	181	219	231	245	273	128	134	190	198	190	190	119	141
replicates	Sample_79	-99	-99	196	200	229	229	175	175	219	227	-99	-99	122	138	190	190	190	198	121	121
replicates	Sample_128	-99	-99	-99	-99	-99	-99	-99	-99	-99	-99	-99	-99	-99	-99	-99	-99	-99	-99	121	121
replicates	Sample_92	239	241	196	196	227	227	175	181	213	219	255	255	138	138	182	190	-99	-99	119	141
replicates	Sample_337	239	241	196	200	227	233	175	175	213	227	261	277	126	134	182	194	190	190	121	141
replicates	Sample_491	239	241	200	200	231	231	177	177	227	227	245	255	134	144	190	194	182	194	121	121
replicates	Sample_367	239	241	200	200	231	231	161	175	227	239	273	273	122	134	190	190	178	186	121	141
replicates	Sample_77	-99	-99	194	196	229	229	161	177	231	231	273	277	138	138	190	190	164	190	121	141
replicates	Sample_182	239	241	198	198	227	227	177	177	223	231	263	273	128	138	190	190	160	160	121	141
replicates	Sample_487	239	239	200	200	-99	-99	161	161	239	239	-99	-99	134	134	190	190	164	194	121	121
replicates	Sample_203	241	241	196	202	231	231	177	177	231	235	263	273	122	138	182	190	160	170	141	141
replicates	Sample_464	239	239	198	200	231	231	177	177	219	227	255	269	122	126	190	194	164	178	121	141
replicates	Sample_457	-99	-99	-99	-99	-99	-99	-99	-99	-99	-99	-99	-99	-99	-99	-99	-99	-99	-99	-99	-99
replicates	Sample_456	-99	-99	-99	-99	-99	-99	-99	-99	-99	-99	-99	-99	-99	-99	-99	-99	-99	-99	-99	-99
replicates	Sample_294	-99	-99	196	200	-99	-99	175	175	213	239	-99	-99	126	128	182	190	190	190	141	141
replicates	Sample_482	239	241	196	200	227	233	177	177	227	227	261	273	126	138	182	190	190	194	141	141
replicates	Sample_52	241	241	194	196	227	233	175	175	219	221	273	277	134	134	190	198	160	190	121	121
replicates	Sample_292	-99	-99	-99	-99	-99	-99	-99	-99	-99	-99	-99	-99	-99	-99	-99	-99	-99	-99	121	141
replicates	Sample_442	241	241	200	200	231	231	161	175	-99	-99	-99	-99	-99	-99	194	194	-99	-99	121	141
replicates	Sample_387	239	239	196	196	227	227	175	177	223	227	255	255	134	134	190	194	164	194	121	141
replicates	Sample_386	239	241	196	200	231	231	161	177	239	239	273	273	122	134	190	198	186	194	119	141
replicates	Sample_30	239	239	196	198	231	231	177	177	219	219	273	277	126	126	182	190	164	164	121	121
replicates	Sample_371	239	241	200	200	231	231	161	175	227	239	-99	-99	122	134	190	190	178	186	121	141
replicates	Sample_439	239	239	196	200	231	231	175	177	223	227	255	269	134	134	190	194	190	194	119	121
replicates	Sample_462	239	239	198	200	231	231	177	177	219	227	255	269	122	126	190	194	164	178	121	141
replicates	Sample_128	-99	-99	-99	-99	-99	-99	-99	-99	-99	-99	-99	-99	-99	-99	-99	-99	-99	-99	-99	-99
replicates	Sample_473	239	241	196	200	227	233	177	177	227	227	261	273	126	138	182	190	190	194	141	141
replicates	Sample_177	241	241	196	200	229	229	177	177	227	227	-99	-99	122	122	190	190	194	198	121	121
replicates	Sample_191	239	241	196	196	229	233	173	173	213	213	273	277	122	134	182	190	182	190	121	121
replicates	Sample_176	-99	-99	196	200	-99	-99	175	175	227	227	-99	-99	122	122	190	190	-99	-99	121	121
replicates	Sample_8	-99	-99	-99	-99	-99	-99	-99	-99	-99	-99	-99	-99	122	138	190	190	160	160	121	121
replicates	Sample_473	239	241	196	200	227	233	177	177	227	227	261	273	126	138	182	190	190	194	141	141
replicates	Sample_101	239	241	194	198	227	227	175	175	219	221	281	289	122	134	190	190	160	160	121	121
replicates	Sample_7	-99	-99	196	196	-99	-99	175	175	-99	-99	-99	-99	122	122	182	190	-99	-99	121	141
replicates	Sample_114	-99	-99	-99	-99	-99	-99	-99	-99	-99	-99	-99	-99	-99	-99	-99	-99	-99	-99	121	121
replicates	Sample_227	-99	-99	-99	-99	-99	-99	-99	-99	-99	-99	-99	-99	-99	-99	190	190	-99	-99	121	121
replicates	Sample_169	239	239	196	198	233	233	177	177	227	235	277	281	126	128	190	190	160	190	121	141
replicates	Sample_210	-99	-99	196	196	-99	-99	177	177	227	231	245	245	128	128	190	198	-99	-99	121	141
replicates	Sample_201	241	241	196	202	231	231	177	177	231	235	263	273	122	122	182	190	160	170	141	141
replicates	Sample_319	239	241	196	200	227	233	175	175	213	239	-99	-99	126	128	182	190	190	190	141	141
replicates	Sample_194	-99	-99	-99	-99	229	229	175	175	219	219	-99	-99	122	138	190	190	-99	-99	121	121
replicates	Sample_303	-99	-99	-99	-99	-99	-99	177	177	227	235	-99	-99	-99	-99	190	190	-99	-99	121	141
replicates	Sample_484	-99	-99	-99	-99	-99	-99	-99	-99	-99	-99	-99	-99	-99	-99	-99	-99	-99	-99	-99	-99
replicates	Sample_9	-99	-99	-99	-99	-99	-99	-99	-99	-99	-99	-99	-99	-99	-99	-99	-99	-99	-99	-99	-99
replicates	Sample_201	239	241	196	202	-99	-99	175	177	231	235	-99	-99	122	122	182	190	-99	-99	141	141
replicates	Sample_371	239	241	200	200	231	231	161	175	227	239	273	273	122	134	190	190	178	186	121	141
replicates	Sample_319	239	241	196	200	227	233	175	175	213	239	277	277	128	128	182	190	190	190	141	141
replicates	Sample_340	239	241	196	200	-99	-99	177	181	213	213	255	255	130	134	190	190	178	194	121	129
replicates	Sample_133	239	241	198	200	227	233	175	175	213	223	245	273	122	126	190	198	160	190	119	141
replicates	Sample_131	239	241	196	200	-99	-99	177	177	219	219	269	277	122	128	182	190	190	190	121	129
replicates	Sample_208	239	241	196	198	233	233	177	177	223	227	273	281	128	138	190	190	160	160	121	141
replicates	Sample_492	239	241	196	200	227	233	177	177	227	227	261	273	126	138	182	190	190	194	141	141
replicates	Sample_79	241	241	196	200	229	229	175	175	-99	-99	-99	-99	122	138	190	190	-99	-99	121	121
replicates	Sample_443	239	241	200	200	231	233	161	179	239	239	261	273	122	134	190	190	186	190	121	121
replicates	Sample_477	239	241	200	200	231	231	177	177	227	227	245	255	134	144	190	194	182	194	121	121
replicates	Sample_352	241	241	200	200	231	231	177	177	227	227	277	277	134	134	190	190	164	194	121	121
replicates	Sample_114	-99	-99	-99	-99	-99	-99	-99	-99	-99	-99	-99	-99	-99	-99	-99	-99	-99	-99	-99	-99
replicates	Sample_119	239	241	196	200	229	229	175	175	219	227	-99	-99	122	138	190	190	-99	-99	121	121
replicates	Sample_1	241	241	194	196	227	233	177	179	223	231	273	273	122	130	190	190	160	160	121	141
replicates	Sample_447	239	241	196	200	227	231	175	175	213	213	255	277	134	134	190	194	182	190	121	141
replicates	Sample_345	239	239	196	196	-99	-99	177	177	227	227	263	263	128	134	190	194	164	164	121	141
replicates	Sample_88	-99	-99	196	198	227	227	175	175	213	231	-99	-99	122	126	194	194	-99	-99	121	141
replicates	Sample_192	-99	-99	-99	-99	-99	-99	-99	-99	-99	-99	-99	-99	-99	-99	190	190	-99	-99	121	141
replicates	Sample_323	239	239	198	200	241	241	177	177	227	227	255	277	134	134	190	190	164	164	121	141
replicates	Sample_275	-99	-99	196	200	227	227	175	175	213	239	-99	-99	126	128	182	190	190	190	141	141
replicates	Sample_423	-99	-99	196	196	231	231	177	177	227	239	255	255	134	134	190	190	182	190	121	121
replicates	Sample_60	241	241	194	196	227	227	173	181	213	213	-99	-99	138	138	182	182	-99	-99	121	141
replicates	Sample_177	241	241	196	200	229	229	175	175	227	227	-99	-99	122	122	190	190	-99	-99	121	121
replicates	Sample_439	239	239	196	200	231	231	175	177	223	227	255	269	134	134	190	194	190	194	119	121
replicates	Sample_116	-99	-99	-99	-99	-99	-99	-99	-99	-99	-99	-99	-99	-99	-99	-99	-99	-99	-99	-99	-99
replicates	Sample_153	-99	-99	196	196	-99	-99	173	175	213	231	255	267	128	128	194	198	-99	-99	121	141
replicates	Sample_414	239	239	196	200	227	231	175	177	223	227	255	269	134	134	190	194	190	194	119	121
replicates	Sample_245	-99	-99	194	196	-99	-99	177	177	-99	-99	-99	-99	122	144	190	190	164	178	121	129
replicates	Sample_442	241	241	200	200	231	231	161	175	-99	-99	-99	-99	-99	-99	194	194	-99	-99	121	141
replicates	Sample_379	239	241	200	200	231	231	161	175	227	239	273	273	122	134	190	190	178	186	121	141
replicates	Sample_139	-99	-99	194	198	-99	-99	175	175	221	221	-99	-99	-99	-99	190	190	-99	-99	121	121
replicates	Sample_126	239	241	196	196	233	233	177	177	227	231	245	273	128	128	190	198	-99	-99	121	141
replicates	Sample_191	239	241	196	196	229	233	173	173	213	213	273	277	122	134	182	190	182	190	121	121
replicates	Sample_346	-99	-99	196	200	-99	-99	175	175	213	213	-99	-99	126	134	182	194	190	190	121	141
replicates	Sample_213	-99	-99	196	200	229	229	175	175	219	227	-99	-99	122	138	190	190	-99	-99	121	121
replicates	Sample_355	241	241	196	200	227	231	177	181	227	227	277	277	134	134	190	190	164	194	119	121
replicates	Sample_107	241	241	194	196	233	233	175	177	213	231	255	273	128	128	182	190	160	164	119	121
replicates	Sample_145	-99	-99	196	196	-99	-99	175	175	213	231	-99	-99	128	128	194	198	-99	-99	121	141
replicates	Sample_210	-99	-99	-99	-99	-99	-99	177	177	-99	-99	-99	-99	-99	-99	190	190	-99	-99	121	141
replicates	Sample_254	239	241	194	200	227	231	177	177	239	239	-99	-99	122	128	182	190	190	190	141	141
replicates	Sample_218	-99	-99	198	200	227	233	173	175	213	217	245	245	122	122	190	190	-99	-99	121	141
replicates	Sample_195	-99	-99	196	198	-99	-99	175	175	-99	-99	-99	-99	-99	-99	190	190	-99	-99	121	141
replicates	Sample_225	239	241	196	196	233	233	171	173	213	213	273	277	122	122	182	190	182	190	121	121
replicates	Sample_333	241	241	196	196	-99	-99	177	177	227	235	261	273	134	134	190	190	-99	-99	121	141
replicates	Sample_11	-99	-99	-99	-99	-99	-99	-99	-99	-99	-99	-99	-99	-99	-99	-99	-99	-99	-99	-99	-99
replicates	Sample_455	-99	-99	-99	-99	-99	-99	-99	-99	-99	-99	-99	-99	-99	-99	-99	-99	-99	-99	-99	-99
replicates	Sample_450	239	239	196	200	227	227	175	175	223	227	255	269	134	134	190	194	190	194	119	121
replicates	Sample_166	-99	-99	196	200	-99	-99	175	175	231	231	-99	-99	122	126	190	190	-99	-99	121	141
replicates	Sample_220	239	239	196	200	231	231	177	179	213	231	263	273	128	134	190	198	182	190	121	121
replicates	Sample_215	-99	-99	-99	-99	-99	-99	-99	-99	-99	-99	-99	-99	-99	-99	-99	-99	-99	-99	121	121
replicates	Sample_474	239	241	196	200	227	231	177	177	213	219	255	277	122	134	190	190	190	194	119	121
replicates	Sample_488	-99	-99	-99	-99	-99	-99	-99	-99	-99	-99	-99	-99	-99	-99	-99	-99	-99	-99	-99	-99
replicates	Sample_185	239	239	196	200	231	235	177	177	213	227	273	277	126	134	182	194	178	182	121	141
replicates	Sample_332	-99	-99	194	200	-99	-99	-99	-99	-99	-99	-99	-99	-99	-99	190	190	-99	-99	141	141
replicates	Sample_179	239	241	196	200	227	233	175	175	223	231	245	245	122	126	190	190	186	190	121	141
replicates	Sample_170	239	241	196	198	227	227	175	175	213	231	245	245	122	122	194	198	182	190	121	141
replicates	Sample_315	-99	-99	-99	-99	-99	-99	-99	-99	-99	-99	-99	-99	-99	-99	-99	-99	-99	-99	-99	-99
replicates	Sample_250	-99	-99	198	200	-99	-99	177	177	-99	-99	-99	-99	122	128	-99	-99	-99	-99	121	141
replicates	Sample_376	239	239	196	196	227	227	175	177	223	227	255	255	134	134	190	194	164	194	121	141
replicates	Sample_17	-99	-99	-99	-99	-99	-99	-99	-99	-99	-99	-99	-99	-99	-99	-99	-99	-99	-99	-99	-99
replicates	Sample_241	239	241	194	200	227	231	177	177	239	239	273	277	122	128	182	190	190	190	141	141
replicates	Sample_281	239	239	194	194	227	227	-99	-99	-99	-99	273	277	122	128	182	190	190	190	141	141
replicates	Sample_475	239	241	196	200	227	231	177	177	213	217	269	273	134	134	182	190	194	198	121	121
replicates	Sample_202	-99	-99	196	200	-99	-99	177	177	213	227	-99	-99	126	138	182	194	-99	-99	121	141
replicates	Sample_296	239	241	196	200	227	233	-99	-99	213	239	-99	-99	128	128	182	190	190	190	141	141
replicates	Sample_213	239	241	196	200	229	229	175	175	219	227	273	277	122	138	190	190	190	198	121	121
replicates	Sample_492	239	241	196	200	227	233	177	177	227	227	261	273	126	138	182	190	190	194	141	141
replicates	Sample_130	-99	-99	194	196	-99	-99	-99	-99	213	227	-99	-99	138	138	182	190	-99	-99	121	121
replicates	Sample_445	239	241	196	200	227	227	161	177	223	227	255	273	134	138	194	194	190	190	141	141
replicates	Sample_82	241	241	196	202	231	231	175	177	231	235	263	273	122	122	182	190	-99	-99	141	141
replicates	Sample_164	-99	-99	196	200	-99	-99	175	175	219	219	-99	-99	122	130	190	190	-99	-99	121	121
replicates	Sample_207	-99	-99	200	200	-99	-99	-99	-99	227	227	-99	-99	122	122	190	190	-99	-99	121	121
replicates	Sample_332	-99	-99	194	200	-99	-99	177	177	-99	-99	-99	-99	122	128	182	190	-99	-99	141	141
replicates	Sample_198	-99	-99	-99	-99	-99	-99	-99	-99	213	213	-99	-99	-99	-99	-99	-99	-99	-99	121	121
replicates	Sample_280	-99	-99	194	200	-99	-99	177	177	239	239	-99	-99	122	128	182	190	190	190	141	141
replicates	Sample_109	239	239	196	196	229	233	173	173	213	213	-99	-99	122	122	182	190	-99	-99	121	121
replicates	Sample_358	239	241	196	200	227	227	161	177	223	227	261	273	134	134	190	194	182	190	119	121
replicates	Sample_462	239	239	198	200	231	231	175	177	219	227	-99	-99	122	126	190	194	164	178	121	141
replicates	Sample_72	239	241	196	196	233	233	177	177	227	231	245	273	128	128	190	198	-99	-99	121	141
replicates	Sample_390	-99	-99	-99	-99	-99	-99	-99	-99	-99	-99	-99	-99	122	122	190	190	-99	-99	121	121
replicates	Sample_276	239	241	196	200	227	233	175	175	213	227	261	277	126	134	182	194	190	190	121	141
replicates	Sample_7	-99	-99	-99	-99	-99	-99	175	175	-99	-99	-99	-99	122	126	182	190	-99	-99	121	141
replicates	Sample_137	239	239	198	198	233	233	177	177	227	227	-99	-99	126	128	190	190	160	160	121	141
replicates	Sample_177	241	241	196	200	229	229	177	177	227	227	273	277	122	122	190	190	194	198	121	121
replicates	Sample_377	239	241	196	200	231	231	177	177	223	227	255	273	126	134	194	194	186	190	121	141
replicates	Sample_50	-99	-99	-99	-99	227	227	175	177	227	229	-99	-99	126	134	190	190	-99	-99	121	121
replicates	Sample_102	-99	-99	196	200	-99	-99	177	177	213	227	-99	-99	126	138	182	194	182	182	121	141
replicates	Sample_194	-99	-99	-99	-99	-99	-99	175	175	227	227	-99	-99	122	122	190	190	-99	-99	121	121
replicates	Sample_217	-99	-99	-99	-99	-99	-99	161	175	219	231	-99	-99	-99	-99	182	190	-99	-99	121	141
replicates	Sample_393	-99	-99	-99	-99	-99	-99	-99	-99	-99	-99	-99	-99	-99	-99	-99	-99	-99	-99	-99	-99
replicates	Sample_90	-99	-99	-99	-99	-99	-99	-99	-99	-99	-99	-99	-99	-99	-99	-99	-99	-99	-99	-99	-99
replicates	Sample_97	239	239	196	198	233	233	177	177	227	235	277	281	126	128	190	190	-99	-99	121	141
replicates	Sample_167	-99	-99	-99	-99	-99	-99	-99	-99	-99	-99	-99	-99	-99	-99	-99	-99	-99	-99	-99	-99
replicates	Sample_328	-99	-99	200	200	-99	-99	177	177	-99	-99	-99	-99	122	128	182	190	190	190	141	141
replicates	Sample_23	-99	-99	-99	-99	-99	-99	-99	-99	-99	-99	-99	-99	-99	-99	182	182	-99	-99	-99	-99
replicates	Sample_453	241	241	196	196	227	231	161	177	223	239	255	273	122	134	190	198	194	194	119	141
replicates	Sample_73	239	241	196	196	229	233	161	161	219	231	273	277	122	128	182	190	-99	-99	121	121
replicates	Sample_280	-99	-99	-99	-99	-99	-99	-99	-99	-99	-99	-99	-99	122	122	190	190	-99	-99	141	141
replicates	Sample_347	-99	-99	198	200	231	231	177	177	-99	-99	-99	-99	122	128	182	182	190	190	121	141
replicates	Sample_31	239	239	196	198	-99	-99	177	177	219	219	-99	-99	126	126	182	190	-99	-99	121	121
replicates	Sample_108	-99	-99	196	196	-99	-99	177	177	221	221	-99	-99	126	128	190	190	178	182	141	141
replicates	Sample_152	239	241	200	200	233	233	177	177	221	227	273	281	126	138	190	198	160	160	141	141
replicates	Sample_342	239	241	198	200	233	233	173	177	213	213	255	263	122	122	182	182	178	182	121	121
replicates	Sample_197	-99	-99	200	200	-99	-99	175	175	-99	-99	-99	-99	126	126	190	190	-99	-99	121	141
replicates	Sample_297	239	241	196	200	227	233	175	175	213	239	277	277	128	128	182	190	190	190	141	141
replicates	Sample_440	239	241	196	200	231	231	161	177	239	239	273	273	122	134	190	198	186	194	119	141
replicates	Sample_445	239	241	196	200	227	227	161	177	223	227	255	273	134	138	194	194	190	190	141	141
replicates	Sample_237	239	241	198	200	231	239	177	177	213	239	-99	-99	122	128	182	182	190	190	121	141
replicates	Sample_69	239	241	196	196	229	233	173	173	213	213	273	277	122	122	182	190	-99	-99	121	121
replicates	Sample_183	241	241	196	196	233	233	175	177	219	223	-99	-99	122	128	190	190	170	170	121	141
replicates	Sample_175	-99	-99	194	196	-99	-99	175	177	219	219	-99	-99	122	122	182	190	-99	-99	121	141
replicates	Sample_360	-99	-99	200	200	-99	-99	161	175	-99	-99	-99	-99	122	134	190	190	178	186	121	141
replicates	Sample_465	239	241	200	200	227	227	177	177	223	227	255	255	134	134	194	198	164	186	121	121
replicates	Sample_217	-99	-99	-99	-99	-99	-99	161	175	219	219	-99	-99	128	138	182	190	-99	-99	121	141
replicates	Sample_165	-99	-99	-99	-99	-99	-99	175	175	227	227	-99	-99	122	138	190	190	-99	-99	121	121
replicates	Sample_406	241	241	200	200	231	231	161	175	227	239	255	273	134	134	190	194	186	194	121	141
replicates	Sample_96	239	239	-99	-99	-99	-99	-99	-99	213	213	-99	-99	126	126	190	194	-99	-99	121	141
replicates	Sample_246	-99	-99	198	198	233	233	177	177	239	239	273	277	122	128	182	182	-99	-99	121	141
replicates	Sample_117	239	241	196	196	233	233	161	181	231	231	253	273	128	128	182	194	-99	-99	121	141
replicates	Sample_364	239	241	200	200	231	231	161	175	227	239	273	273	122	134	190	190	178	186	121	141
replicates	Sample_491	239	241	200	200	231	231	177	177	227	227	245	255	134	144	190	194	182	194	121	121
replicates	Sample_4	-99	-99	200	200	-99	-99	175	177	219	223	273	273	122	126	190	190	160	160	141	141
replicates	Sample_366	239	241	196	200	227	227	161	177	223	227	261	273	134	134	190	194	182	190	119	121
replicates	Sample_392	-99	-99	-99	-99	-99	-99	-99	-99	-99	-99	-99	-99	-99	-99	-99	-99	-99	-99	121	121
replicates	Sample_17	-99	-99	-99	-99	-99	-99	-99	-99	-99	-99	-99	-99	-99	-99	-99	-99	-99	-99	-99	-99
replicates	Sample_306	-99	-99	196	200	-99	-99	177	181	213	213	255	255	-99	-99	190	190	178	194	121	129
replicates	Sample_82	-99	-99	196	202	-99	-99	175	177	231	235	-99	-99	122	122	182	190	-99	-99	141	141
replicates	Sample_105	-99	-99	196	200	-99	-99	175	175	213	223	-99	-99	126	126	190	194	-99	-99	121	141
replicates	Sample_86	239	241	194	196	229	229	161	175	231	239	273	273	138	138	190	190	164	164	121	141
replicates	Sample_298	-99	-99	196	200	-99	-99	175	175	-99	-99	-99	-99	126	128	182	190	190	190	141	141
replicates	Sample_299	239	241	196	200	233	233	177	181	213	213	255	255	130	134	190	190	178	194	121	129
replicates	Sample_242	239	241	196	200	227	233	175	175	213	239	277	277	126	128	182	190	190	190	141	141
replicates	Sample_274	239	241	196	200	227	233	175	175	213	239	277	277	126	128	182	190	190	190	141	141
replicates	Sample_17	-99	-99	-99	-99	-99	-99	-99	-99	-99	-99	-99	-99	-99	-99	182	182	-99	-99	121	141
replicates	Sample_318	239	241	194	200	-99	-99	177	177	239	239	273	273	122	128	182	190	190	190	141	141
replicates	Sample_322	239	239	200	200	-99	-99	177	177	217	227	255	255	134	134	190	190	164	164	121	141
replicates	Sample_144	239	239	196	198	-99	-99	177	177	223	227	-99	-99	128	138	190	190	-99	-99	121	141
replicates	Sample_324	239	241	196	196	231	231	177	177	227	235	263	273	128	134	190	194	164	190	121	141
replicates	Sample_270	-99	-99	200	200	-99	-99	177	177	-99	-99	-99	-99	122	128	182	190	190	190	141	141
replicates	Sample_137	-99	-99	198	198	-99	-99	177	177	227	235	-99	-99	126	128	190	190	-99	-99	121	141
replicates	Sample_72	239	241	196	196	233	233	177	177	227	231	245	273	128	128	190	198	182	190	121	141
replicates	Sample_302	239	241	194	200	233	233	177	177	213	227	255	273	122	134	190	190	182	190	121	141
replicates	Sample_152	-99	-99	198	200	-99	-99	177	177	227	227	-99	-99	126	138	190	198	160	160	141	141
replicates	Sample_94	239	241	196	200	-99	-99	175	177	219	219	269	269	122	128	182	190	-99	-99	121	129
replicates	Sample_84	-99	-99	194	196	229	229	161	177	231	239	273	277	138	138	190	190	164	190	121	141
replicates	Sample_181	-99	-99	196	200	-99	-99	177	177	219	219	-99	-99	122	128	182	190	-99	-99	121	129
replicates	Sample_199	-99	-99	-99	-99	-99	-99	-99	-99	-99	-99	-99	-99	-99	-99	-99	-99	-99	-99	-99	-99
replicates	Sample_192	-99	-99	-99	-99	-99	-99	-99	-99	-99	-99	-99	-99	-99	-99	190	190	-99	-99	121	121
replicates	Sample_311	-99	-99	196	200	227	233	175	175	213	239	-99	-99	126	128	182	190	190	190	141	141
replicates	Sample_146	239	241	-99	-99	227	229	177	177	221	227	277	277	122	134	190	190	-99	-99	121	121
replicates	Sample_137	239	239	198	198	233	233	177	177	227	235	-99	-99	126	128	190	190	160	160	121	141
replicates	Sample_396	241	241	194	200	-99	-99	175	175	223	227	255	255	122	122	190	194	190	190	121	141
replicates	Sample_167	-99	-99	-99	-99	-99	-99	-99	-99	-99	-99	-99	-99	-99	-99	-99	-99	-99	-99	-99	-99
replicates	Sample_321	239	241	194	196	233	233	177	177	227	235	261	273	134	138	190	190	182	190	121	141
replicates	Sample_126	239	241	196	196	233	233	177	177	227	231	245	273	128	128	190	198	182	182	121	141
replicates	Sample_381	239	241	200	200	231	231	161	175	227	239	273	273	122	134	190	190	178	186	121	141
replicates	Sample_37	-99	-99	196	200	-99	-99	177	177	213	213	-99	-99	128	128	190	198	182	182	121	141
replicates	Sample_490	239	241	196	200	227	231	177	177	237	239	255	267	134	134	190	190	164	194	121	121
replicates	Sample_185	239	239	196	200	231	235	177	177	213	227	273	277	126	134	182	194	-99	-99	121	141
replicates	Sample_272	239	241	198	200	231	233	177	177	213	239	273	277	122	128	182	182	190	190	121	141
replicates	Sample_466	239	241	200	200	227	227	177	177	223	227	255	277	134	134	194	198	164	186	121	121
replicates	Sample_88	-99	-99	198	198	-99	-99	177	177	213	231	245	245	122	126	194	198	182	190	121	141
replicates	Sample_88	-99	-99	196	198	-99	-99	175	175	213	213	-99	-99	122	126	194	198	182	190	121	141
replicates	Sample_206	-99	-99	196	196	-99	-99	177	177	213	227	-99	-99	126	138	182	194	-99	-99	121	141
replicates	Sample_97	-99	-99	196	198	233	233	177	177	227	235	-99	-99	126	128	190	190	-99	-99	121	141
replicates	Sample_453	241	241	196	196	227	231	161	177	223	239	255	273	122	134	190	198	194	194	119	141
replicates	Sample_145	239	241	196	196	227	233	175	179	231	231	255	267	128	128	194	198	190	194	121	141
replicates	Sample_472	239	241	196	196	227	231	175	179	223	227	255	277	134	134	182	190	164	190	121	121
replicates	Sample_143	241	241	196	202	231	231	175	177	231	235	263	273	122	138	182	190	160	160	141	141
replicates	Sample_154	241	241	196	208	-99	229	-99	-99	219	219	273	273	110	122	182	190	-99	-99	121	141
replicates	Sample_54	239	241	196	196	233	233	177	177	213	227	263	273	128	128	190	190	164	164	121	121
replicates	Sample_183	241	241	196	196	233	233	177	177	219	223	245	273	122	128	190	190	170	190	121	141
replicates	Sample_165	-99	-99	200	200	-99	-99	-99	-99	227	227	-99	-99	122	138	190	190	-99	-99	121	121
replicates	Sample_96	239	239	196	196	231	233	177	177	235	235	-99	-99	126	126	-99	-99	176	190	121	141
replicates	Sample_67	-99	-99	196	196	-99	-99	175	175	213	213	-99	-99	122	122	190	190	-99	-99	121	121
replicates	Sample_164	241	241	196	200	229	229	175	175	219	227	-99	-99	122	138	190	190	198	198	121	121
replicates	Sample_155	239	239	196	198	233	233	177	177	235	235	-99	-99	126	128	190	190	190	190	121	141
replicates	Sample_477	239	241	200	200	231	231	177	177	227	227	245	255	134	144	190	194	182	194	121	121
replicates	Sample_113	241	241	200	200	227	233	161	175	223	231	261	263	134	134	190	194	-99	-99	121	129
replicates	Sample_429	239	241	200	200	231	233	161	179	239	239	261	273	122	134	190	190	186	190	121	121
replicates	Sample_14	-99	-99	-99	-99	-99	-99	-99	-99	-99	-99	-99	-99	122	138	190	190	-99	-99	121	121
replicates	Sample_354	-99	-99	-99	-99	-99	-99	-99	-99	-99	-99	-99	-99	-99	-99	-99	-99	-99	-99	-99	-99
replicates	Sample_426	241	241	200	200	231	231	161	175	227	227	255	255	134	134	190	194	186	194	121	141
replicates	Sample_171	239	241	198	200	233	233	177	177	221	227	273	281	126	138	190	198	160	160	141	141
replicates	Sample_369	241	241	200	200	231	231	161	175	227	239	255	273	134	134	190	194	186	194	121	141
replicates	Sample_266	-99	-99	-99	-99	-99	-99	-99	-99	-99	-99	-99	-99	-99	-99	-99	-99	-99	-99	-99	-99
replicates	Sample_443	239	241	200	200	231	233	161	179	239	239	261	273	122	134	190	190	186	190	121	121
replicates	Sample_135	239	239	198	198	227	227	175	175	223	231	-99	-99	128	138	190	190	160	190	121	141
replicates	Sample_193	241	241	196	196	227	227	175	179	223	227	273	273	122	128	190	190	190	194	121	141
replicates	Sample_375	239	241	196	200	231	231	175	175	223	227	255	273	126	134	194	194	186	190	121	141
replicates	Sample_423	239	239	196	200	231	231	177	177	227	239	255	269	134	134	190	190	182	190	121	121
replicates	Sample_51	241	241	196	196	231	233	175	175	213	231	263	273	122	128	190	194	-99	-99	121	141
replicates	Sample_338	239	241	196	200	227	233	175	175	213	239	277	277	126	128	182	190	190	190	141	141
replicates	Sample_143	241	241	196	202	231	231	177	177	231	235	263	273	122	138	182	190	160	170	141	141
replicates	Sample_434	241	241	196	196	227	227	175	175	227	239	267	267	134	134	194	194	164	164	121	141
replicates	Sample_207	-99	-99	200	200	-99	-99	-99	-99	-99	-99	-99	-99	122	122	190	190	-99	-99	121	121
replicates	Sample_348	-99	-99	194	194	-99	-99	177	177	-99	-99	-99	-99	122	128	182	190	-99	-99	141	141
replicates	Sample_141	241	241	196	196	-99	-99	175	177	213	231	-99	-99	128	128	194	198	164	174	121	141
replicates	Sample_300	-99	-99	-99	-99	-99	-99	-99	-99	-99	-99	-99	-99	-99	-99	-99	-99	-99	-99	141	141
replicates	Sample_7	-99	-99	-99	-99	-99	-99	-99	-99	-99	-99	-99	-99	-99	-99	-99	-99	-99	-99	121	121
replicates	Sample_463	239	241	200	200	231	231	177	177	227	227	245	255	134	144	190	194	182	194	121	121
replicates	Sample_37	-99	-99	-99	-99	-99	-99	175	175	-99	-99	-99	-99	128	128	190	198	-99	-99	121	141
replicates	Sample_182	239	241	198	198	227	227	177	177	223	231	263	273	128	138	190	190	160	160	121	141
replicates	Sample_166	239	241	196	200	227	233	175	175	223	231	245	277	122	126	190	190	186	190	121	141
replicates	Sample_214	241	241	196	200	229	229	175	175	219	227	-99	-99	122	138	190	190	-99	-99	121	121
replicates	Sample_29	239	241	194	196	227	229	177	179	219	231	245	255	134	138	190	190	-99	-99	121	141
replicates	Sample_448	-99	-99	-99	-99	231	231	175	179	-99	-99	267	267	134	134	190	190	-99	-99	121	141
replicates	Sample_396	241	241	194	200	231	233	175	175	227	227	255	255	122	122	190	194	190	190	121	141
replicates	Sample_213	239	241	196	200	229	229	175	175	219	227	273	277	122	138	190	190	198	198	121	121
replicates	Sample_326	239	239	194	196	233	233	177	177	235	235	261	273	134	138	190	190	182	182	121	141
replicates	Sample_249	239	239	194	200	227	231	177	177	239	239	273	273	122	128	182	190	190	190	141	141
replicates	Sample_209	-99	-99	194	194	-99	-99	-99	-99	219	219	-99	-99	-99	-99	190	190	-99	-99	141	141
replicates	Sample_157	239	241	194	196	227	227	171	175	219	235	245	277	-99	-99	190	194	160	182	121	141
replicates	Sample_25	241	241	196	196	233	233	161	175	213	219	269	273	128	138	190	198	160	160	121	141
replicates	Sample_480	-99	-99	-99	-99	-99	-99	-99	-99	-99	-99	-99	-99	-99	-99	190	190	-99	-99	-99	-99
replicates	Sample_458	239	241	196	196	231	231	177	177	213	227	267	277	122	122	190	190	190	194	121	141
replicates	Sample_127	241	241	196	196	227	227	175	179	223	227	273	277	122	128	190	190	190	194	121	141
replicates	Sample_309	241	241	196	200	233	233	177	181	213	213	255	255	130	134	190	190	178	194	121	129
replicates	Sample_129	239	241	196	200	233	233	177	177	-99	-99	273	277	-99	-99	182	190	190	190	121	129
replicates	Sample_123	241	241	196	202	231	231	175	177	-99	-99	263	273	122	138	182	190	-99	-99	121	141
replicates	Sample_486	239	239	200	200	227	231	161	177	239	239	255	277	134	134	190	190	164	194	121	121
replicates	Sample_357	241	241	200	200	231	231	175	175	213	227	245	277	134	134	190	190	190	194	121	141
replicates	Sample_446	239	241	196	200	231	231	177	177	223	227	255	273	126	134	194	194	186	190	121	141
replicates	Sample_397	241	241	200	200	231	231	161	175	227	239	255	273	134	134	190	194	186	194	121	141
replicates	Sample_200	241	241	196	196	227	229	177	177	219	235	273	273	122	122	182	190	182	182	121	141
replicates	Sample_476	239	241	196	200	227	231	177	177	213	219	255	277	122	134	190	190	190	194	119	121
replicates	Sample_193	-99	-99	196	196	-99	-99	175	179	223	227	-99	-99	122	128	190	190	-99	-99	121	141
replicates	Sample_140	239	239	196	198	233	233	177	177	227	235	277	281	126	128	190	190	160	190	121	141
replicates	Sample_375	239	241	196	200	231	231	175	177	223	227	255	273	126	134	194	194	186	190	121	141
replicates	Sample_252	-99	-99	198	200	-99	-99	177	177	213	213	-99	-99	122	128	182	182	190	190	121	141
replicates	Sample_328	-99	-99	194	200	-99	-99	177	177	239	239	-99	-99	122	128	182	190	190	190	141	141
replicates	Sample_134	241	241	196	202	-99	-99	177	177	231	235	263	273	122	138	182	190	160	170	141	141
replicates	Sample_340	239	241	196	200	233	233	177	181	213	213	255	255	130	134	190	190	178	194	121	129
replicates	Sample_233	239	241	196	200	227	233	175	175	213	239	277	277	128	128	182	190	190	190	141	141
replicates	Sample_187	239	241	196	198	227	227	175	175	213	231	245	245	122	126	194	198	182	190	121	141
replicates	Sample_191	239	241	196	196	229	233	173	173	213	213	273	277	122	134	182	190	182	190	121	121
replicates	Sample_150	241	241	196	200	229	229	175	175	227	227	273	277	122	122	190	190	194	198	121	121
replicates	Sample_198	-99	-99	200	200	-99	-99	-99	-99	-99	-99	-99	-99	126	126	-99	-99	-99	-99	121	141
replicates	Sample_282	-99	-99	-99	-99	-99	-99	-99	-99	-99	-99	-99	-99	122	122	182	182	-99	-99	121	121
replicates	Sample_467	239	239	196	200	231	231	161	177	213	231	255	273	122	134	182	198	190	194	119	121
replicates	Sample_259	239	241	196	200	227	233	175	175	213	227	261	261	126	134	182	194	190	190	121	141
replicates	Sample_470	-99	-99	-99	-99	-99	-99	-99	-99	-99	-99	-99	-99	-99	-99	-99	-99	-99	-99	-99	-99
replicates	Sample_385	239	241	196	200	231	231	161	177	-99	-99	273	277	-99	-99	190	190	-99	-99	121	141
replicates	Sample_398	239	241	196	200	227	227	161	177	223	227	261	273	134	134	190	194	182	190	119	121
replicates	Sample_203	241	241	196	202	-99	-99	175	177	231	235	-99	-99	122	138	182	190	160	160	141	141
replicates	Sample_491	239	241	200	200	231	231	177	177	227	227	245	255	134	144	190	194	182	194	121	121
replicates	Sample_216	239	241	196	196	233	233	-99	-99	231	231	253	273	128	128	182	194	-99	-99	121	141
replicates	Sample_144	239	241	196	198	233	233	177	177	223	227	273	281	128	138	190	190	160	190	121	141
replicates	Sample_121	-99	-99	196	196	-99	-99	161	181	231	231	253	273	128	128	182	194	-99	-99	121	141
replicates	Sample_144	239	241	196	198	233	233	177	177	223	227	273	281	128	138	190	190	160	190	121	141
replicates	Sample_210	-99	-99	196	196	-99	-99	177	177	227	231	245	245	128	128	190	190	-99	-99	121	141
replicates	Sample_459	241	241	194	196	231	231	177	177	227	231	255	269	126	134	190	190	182	190	121	121
replicates	Sample_12	241	241	196	200	227	233	161	175	219	227	269	273	126	128	190	194	164	164	121	121
replicates	Sample_246	-99	-99	198	200	-99	-99	177	177	213	239	273	273	122	122	182	182	190	190	121	141
replicates	Sample_458	239	241	196	196	231	231	177	177	213	227	267	277	122	134	190	190	190	194	121	141
replicates	Sample_57	241	241	200	200	227	227	179	181	213	219	245	263	122	122	182	190	-99	-99	119	141
replicates	Sample_204	-99	-99	200	200	-99	-99	175	175	213	223	245	245	126	126	190	194	-99	-99	121	141
replicates	Sample_309	-99	-99	196	200	-99	-99	177	181	213	213	255	255	130	134	190	190	178	194	121	129
replicates	Sample_292	-99	-99	-99	-99	-99	-99	-99	-99	-99	-99	-99	-99	-99	-99	-99	-99	-99	-99	121	141
replicates	Sample_290	-99	-99	200	200	-99	-99	173	177	213	217	-99	-99	-99	-99	190	198	-99	-99	121	129
replicates	Sample_261	239	241	198	200	231	233	177	177	213	239	-99	-99	122	128	182	182	190	190	121	141
replicates	Sample_412	239	241	200	200	231	233	161	179	239	239	261	273	122	134	190	190	186	190	121	121
replicates	Sample_443	239	241	200	200	231	233	161	179	239	239	261	273	122	134	190	190	186	190	121	121
replicates	Sample_285	241	241	198	200	231	231	173	177	213	217	261	285	122	126	190	198	182	182	121	129
replicates	Sample_108	-99	-99	196	196	-99	-99	173	173	-99	-99	-99	-99	126	128	182	190	-99	-99	141	141
replicates	Sample_65	241	241	196	200	233	233	161	171	219	223	273	289	128	128	182	190	-99	-99	121	141
replicates	Sample_357	241	241	200	200	231	231	175	177	213	227	245	277	134	134	190	190	190	194	121	141
replicates	Sample_67	239	239	194	196	229	231	175	175	213	227	-99	-99	122	144	190	190	190	190	121	121
replicates	Sample_281	-99	-99	194	194	-99	-99	177	177	-99	-99	-99	-99	122	128	182	190	-99	-99	141	141
replicates	Sample_199	-99	-99	-99	-99	-99	-99	-99	-99	-99	-99	-99	-99	-99	-99	-99	-99	-99	-99	-99	-99
replicates	Sample_5	239	239	196	196	233	233	175	177	227	239	245	289	128	128	182	198	-99	-99	121	121
replicates	Sample_53	241	241	196	196	233	233	173	173	221	235	245	277	126	128	182	190	-99	-99	141	141
replicates	Sample_401	239	241	196	200	227	227	161	177	223	227	261	273	134	134	190	194	182	190	119	121
replicates	Sample_221	-99	-99	196	196	-99	-99	175	177	213	223	-99	-99	134	134	182	190	-99	-99	121	121
replicates	Sample_149	239	239	196	200	229	229	175	175	227	227	273	277	122	122	190	190	-99	-99	121	121
replicates	Sample_167	-99	-99	-99	-99	-99	-99	-99	-99	-99	-99	-99	-99	-99	-99	-99	-99	-99	-99	-99	-99
replicates	Sample_256	239	241	194	200	227	231	177	177	239	239	273	277	122	128	182	182	190	190	141	141
replicates	Sample_63	239	241	196	196	229	233	173	173	213	213	273	277	122	134	182	190	182	182	121	121
replicates	Sample_134	241	241	196	202	231	231	177	177	231	235	263	273	122	138	182	190	160	170	141	141
replicates	Sample_118	-99	-99	-99	-99	-99	-99	173	175	213	217	-99	-99	122	122	190	190	-99	-99	121	141
replicates	Sample_174	241	241	196	200	229	229	175	175	227	227	273	277	122	122	190	190	-99	-99	121	121
replicates	Sample_383	239	241	200	200	231	231	161	175	227	239	273	273	122	134	190	190	178	186	121	141
replicates	Sample_335	-99	-99	192	196	-99	-99	175	175	-99	-99	-99	-99	126	128	182	182	-99	-99	141	141
replicates	Sample_410	239	241	196	200	227	227	161	177	223	227	261	273	134	134	190	194	182	190	119	121
replicates	Sample_93	-99	-99	194	196	-99	-99	177	177	213	227	273	277	134	138	182	190	178	182	121	121
replicates	Sample_241	239	241	194	200	227	231	177	177	239	239	273	277	122	128	182	190	190	190	141	141
replicates	Sample_419	241	241	200	200	231	231	161	175	227	239	255	273	134	134	190	194	186	194	121	141
replicates	Sample_277	-99	-99	-99	-99	-99	-99	-99	-99	-99	-99	-99	-99	-99	-99	-99	-99	-99	-99	-99	-99
replicates	Sample_106	-99	-99	196	196	229	233	173	173	213	213	-99	-99	122	122	182	190	-99	-99	121	121
replicates	Sample_366	239	241	196	200	227	227	161	177	223	227	261	273	134	134	190	194	182	190	119	121
replicates	Sample_469	-99	-99	196	196	-99	-99	173	177	223	223	-99	-99	134	134	190	190	190	194	121	121
replicates	Sample_2	-99	-99	-99	-99	-99	-99	-99	-99	-99	-99	-99	-99	122	128	190	190	-99	-99	121	121
replicates	Sample_8	-99	-99	-99	-99	-99	-99	-99	-99	-99	-99	-99	-99	122	138	-99	-99	-99	-99	121	121
replicates	Sample_321	239	241	194	196	233	233	177	177	227	235	261	273	134	138	190	190	182	182	121	141
replicates	Sample_142	241	241	196	196	227	227	177	177	219	219	273	273	122	122	182	190	182	182	121	141
replicates	Sample_231	239	239	196	200	229	229	175	175	219	227	273	277	122	138	190	190	190	190	121	121
replicates	Sample_475	239	241	196	200	227	231	177	177	213	217	269	273	134	134	182	190	194	198	121	121
replicates	Sample_37	-99	-99	196	200	-99	-99	177	177	213	213	-99	-99	128	128	190	198	182	190	121	141
replicates	Sample_334	-99	-99	196	196	231	231	177	177	227	235	263	273	128	128	190	194	164	190	121	141
replicates	Sample_438	241	241	196	196	227	231	175	175	223	227	245	255	134	134	190	194	164	190	121	141
replicates	Sample_481	239	241	198	200	227	231	175	177	219	223	255	277	134	134	190	190	164	194	121	121
replicates	Sample_347	239	241	200	200	231	231	177	177	213	213	-99	-99	122	128	182	182	190	190	121	141
replicates	Sample_250	-99	-99	-99	-99	233	233	-99	-99	-99	-99	277	277	122	122	182	182	-99	-99	121	141
replicates	Sample_49	239	239	196	196	231	235	175	175	219	223	249	277	138	138	190	194	-99	-99	121	121
replicates	Sample_191	239	241	196	196	229	233	173	173	213	213	273	277	122	134	182	190	182	190	121	121
replicates	Sample_254	239	241	200	200	227	231	177	177	239	239	273	277	122	128	182	190	190	190	141	141
replicates	Sample_214	-99	-99	-99	-99	-99	-99	-99	-99	219	227	-99	-99	122	138	190	190	-99	-99	121	121
replicates	Sample_137	239	239	198	198	233	233	177	177	227	235	277	281	126	128	190	190	160	160	121	141
replicates	Sample_111	239	241	200	200	227	227	175	179	213	229	-99	-99	128	128	190	190	170	170	119	129
replicates	Sample_227	-99	-99	-99	-99	-99	-99	-99	-99	-99	-99	-99	-99	122	122	-99	-99	190	190	121	121
replicates	Sample_444	241	241	196	196	227	231	161	177	223	239	255	273	122	134	190	198	194	194	119	141
replicates	Sample_454	-99	-99	-99	-99	-99	-99	-99	-99	-99	-99	-99	-99	-99	-99	-99	-99	-99	-99	-99	-99
replicates	Sample_385	239	241	196	200	231	231	161	177	-99	-99	273	277	-99	-99	190	190	-99	-99	121	141
replicates	Sample_222	241	241	196	200	229	233	175	175	213	219	273	277	122	122	190	190	190	198	121	121
replicates	Sample_390	-99	-99	-99	-99	-99	-99	-99	-99	-99	-99	-99	-99	-99	-99	-99	-99	-99	-99	-99	-99
replicates	Sample_469	239	241	196	196	231	231	173	177	223	223	267	267	134	134	190	190	194	194	121	121
replicates	Sample_168	-99	-99	-99	-99	-99	-99	-99	-99	-99	-99	-99	-99	126	126	-99	-99	-99	-99	121	121
replicates	Sample_287	-99	-99	-99	-99	-99	-99	-99	-99	-99	-99	-99	-99	-99	-99	-99	-99	-99	-99	-99	-99
replicates	Sample_402	239	241	200	200	231	231	161	175	227	239	-99	-99	122	134	190	190	178	186	121	141
replicates	Sample_112	241	241	194	196	227	233	-99	-99	213	231	255	273	134	138	-99	-99	182	190	121	141
replicates	Sample_35	241	241	194	196	227	233	175	175	219	221	273	277	134	134	190	198	160	160	121	121
replicates	Sample_435	239	239	196	196	227	227	175	177	223	227	255	255	134	134	190	194	164	194	121	141
replicates	Sample_138	239	241	196	198	227	227	173	177	219	231	273	273	128	138	182	190	190	190	121	121
replicates	Sample_408	239	241	196	200	231	231	177	177	223	227	255	273	126	134	194	194	186	190	121	141
replicates	Sample_18	241	241	196	200	231	235	159	175	213	217	273	277	122	126	190	190	-99	-99	141	141
replicates	Sample_447	239	241	196	200	227	231	177	177	213	227	255	255	134	134	190	194	182	190	121	141
replicates	Sample_438	241	241	196	196	227	231	175	175	223	227	245	255	134	134	190	194	164	190	121	141
replicates	Sample_386	239	241	196	200	231	231	161	177	239	239	273	273	122	134	190	198	186	194	119	141
replicates	Sample_281	-99	-99	194	200	-99	-99	177	177	-99	-99	-99	-99	122	128	182	190	190	190	141	141
replicates	Sample_322	239	239	198	200	241	241	177	177	217	227	255	255	134	134	190	190	164	190	121	141
replicates	Sample_12	241	241	196	200	227	233	161	175	219	227	269	273	126	128	190	194	164	164	121	121
replicates	Sample_478	-99	-99	-99	-99	-99	-99	-99	-99	-99	-99	-99	-99	-99	-99	-99	-99	-99	-99	121	121
replicates	Sample_490	239	241	196	200	227	231	177	177	239	237	255	267	134	134	190	190	164	194	121	121
replicates	Sample_213	239	241	196	200	229	229	175	175	219	227	273	277	122	138	190	190	190	198	121	121
replicates	Sample_425	239	241	196	200	231	231	177	177	223	227	255	273	126	134	194	194	186	190	121	141
replicates	Sample_101	239	241	194	198	227	227	175	175	221	221	-99	-99	-99	-99	190	190	-99	-99	121	121
replicates	Sample_465	239	241	200	200	227	227	177	177	223	227	255	277	134	134	194	198	164	186	121	121
replicates	Sample_221	239	241	196	196	233	233	175	177	213	223	255	265	126	134	182	190	194	194	121	121
replicates	Sample_474	239	241	196	200	227	231	177	177	213	219	255	277	122	134	190	190	190	194	119	121
replicates	Sample_249	239	241	194	200	227	231	177	177	239	239	273	277	122	128	182	190	190	190	141	141
replicates	Sample_329	241	241	198	200	231	231	173	177	213	213	285	285	122	122	190	198	182	182	121	129
replicates	Sample_326	239	241	194	196	233	233	177	177	227	235	261	273	134	138	190	190	182	190	121	141
replicates	Sample_369	241	241	200	200	231	231	161	175	227	239	255	273	134	134	190	194	186	194	121	141
replicates	Sample_346	-99	-99	196	200	-99	-99	175	175	-99	-99	-99	-99	126	134	182	194	190	190	121	141
replicates	Sample_287	-99	-99	-99	-99	-99	-99	-99	-99	-99	-99	-99	-99	-99	-99	-99	-99	-99	-99	-99	-99
replicates	Sample_191	239	241	196	196	229	233	173	173	213	213	273	277	122	134	182	190	182	190	121	121
replicates	Sample_316	239	241	194	200	227	231	177	177	239	239	273	273	122	128	182	190	190	190	141	141
replicates	Sample_141	-99	-99	194	196	227	227	175	179	213	231	-99	-99	128	128	194	198	-99	-99	121	141
replicates	Sample_89	241	241	196	196	233	233	177	177	219	223	245	273	128	128	190	190	-99	-99	121	141
replicates	Sample_308	239	241	198	200	231	233	177	177	213	239	273	277	122	128	182	182	190	190	121	141
replicates	Sample_62	239	241	196	196	229	233	173	173	213	213	273	277	122	122	182	190	-99	-99	121	121
replicates	Sample_460	239	241	194	200	227	231	177	177	227	227	277	277	122	134	190	190	194	194	119	141
replicates	Sample_372	239	241	196	200	231	231	175	177	223	227	255	273	126	134	194	194	186	190	121	141
replicates	Sample_311	239	239	200	200	-99	-99	175	175	213	213	-99	-99	128	128	182	190	190	190	141	141
replicates	Sample_483	241	241	196	196	231	231	175	179	213	223	261	269	126	134	182	190	182	190	121	121
replicates	Sample_189	-99	-99	-99	-99	-99	-99	-99	-99	-99	-99	-99	-99	-99	-99	-99	-99	-99	-99	-99	-99
replicates	Sample_201	-99	-99	196	202	231	231	175	177	231	235	-99	-99	122	122	182	190	160	160	141	141
replicates	Sample_298	241	241	196	200	227	233	175	175	-99	-99	277	277	128	128	182	190	190	190	141	141
replicates	Sample_19	239	241	196	200	227	231	175	177	-99	-99	263	277	122	128	190	194	160	164	-99	-99
replicates	Sample_347	-99	-99	200	200	-99	-99	177	177	213	213	-99	-99	122	128	182	182	190	190	121	141
replicates	Sample_418	-99	-99	-99	-99	-99	-99	-99	-99	-99	-99	-99	-99	134	134	190	190	-99	-99	121	121
replicates	Sample_214	-99	-99	196	200	-99	-99	-99	-99	219	227	-99	-99	122	122	190	190	-99	-99	121	121
replicates	Sample_158	-99	-99	202	202	-99	-99	175	177	231	235	-99	-99	122	122	182	190	-99	-99	141	141
replicates	Sample_349	239	241	198	200	231	233	177	177	213	239	273	277	122	128	182	182	190	190	121	141
replicates	Sample_455	-99	-99	-99	-99	-99	-99	-99	-99	-99	-99	-99	-99	-99	-99	-99	-99	-99	-99	-99	-99
replicates	Sample_390	-99	-99	-99	-99	-99	-99	-99	-99	-99	-99	-99	-99	-99	-99	-99	-99	-99	-99	121	141
replicates	Sample_226	239	241	196	202	-99	-99	-99	-99	219	231	-99	-99	122	128	190	190	190	190	121	121
replicates	Sample_414	239	239	196	200	231	231	175	177	223	227	255	269	134	134	190	194	194	194	119	121
consensus	Sample_1	241	241	194	196	227	233	177	179	223	231	273	273	122	130	190	190	160	160	121	141
consensus	Sample_101	239	241	194	198	227	227	175	175	219	221	281	289	122	134	190	190	160	160	121	121
consensus	Sample_102	-99	-99	196	200	-99	-99	177	177	213	227	-99	-99	126	138	182	194	182	182	121	141
consensus	Sample_105	-99	-99	196	200	-99	-99	175	175	213	223	-99	-99	126	126	190	194	-99	-99	121	141
consensus	Sample_106	-99	-99	196	196	229	233	173	173	213	213	-99	-99	122	122	182	190	-99	-99	121	121
consensus	Sample_107	241	241	194	196	233	233	175	177	213	231	255	273	128	128	182	190	160	164	119	121
consensus	Sample_108	-99	-99	196	196	-99	-99	173	177	221	221	-99	-99	126	128	182	190	178	182	141	141
consensus	Sample_109	239	239	196	196	229	233	173	173	213	213	-99	-99	122	122	182	190	-99	-99	121	121
consensus	Sample_11	-99	-99	-99	-99	-99	-99	-99	-99	-99	-99	-99	-99	-99	-99	-99	-99	-99	-99	-99	-99
consensus	Sample_111	239	241	200	200	227	227	175	179	213	229	-99	-99	128	128	190	190	170	170	119	129
consensus	Sample_112	241	241	194	196	227	233	-99	-99	213	231	255	273	134	138	-99	-99	182	190	121	141
consensus	Sample_113	241	241	200	200	227	233	161	175	223	231	261	263	134	134	190	194	-99	-99	121	129
consensus	Sample_114	-99	-99	-99	-99	-99	-99	-99	-99	-99	-99	-99	-99	-99	-99	-99	-99	-99	-99	121	121
consensus	Sample_115	-99	-99	-99	-99	-99	-99	-99	-99	-99	-99	-99	-99	-99	-99	-99	-99	-99	-99	-99	-99
consensus	Sample_116	-99	-99	-99	-99	-99	-99	-99	-99	-99	-99	-99	-99	-99	-99	-99	-99	-99	-99	-99	-99
consensus	Sample_117	239	241	196	196	233	233	161	181	231	231	253	273	128	128	182	194	-99	-99	121	141
consensus	Sample_118	-99	-99	198	200	-99	-99	173	175	213	217	-99	-99	122	134	190	190	178	190	121	141
consensus	Sample_119	239	241	196	200	229	229	175	175	219	227	273	277	122	138	190	190	190	198	121	121
consensus	Sample_12	241	241	196	200	227	233	161	175	219	227	269	273	126	128	190	194	164	164	121	121
consensus	Sample_121	-99	-99	196	196	-99	-99	161	181	231	231	253	273	128	128	182	194	-99	-99	121	141
consensus	Sample_122	-99	-99	-99	-99	-99	-99	-99	-99	-99	-99	-99	-99	-99	-99	-99	-99	-99	-99	-99	-99
consensus	Sample_123	241	241	196	202	231	231	175	177	-99	-99	263	273	122	138	182	190	-99	-99	121	141
consensus	Sample_124	-99	-99	196	196	-99	-99	173	181	219	231	-99	-99	128	128	190	198	-99	-99	119	141
consensus	Sample_126	239	241	196	196	233	233	177	177	227	231	245	273	128	128	190	198	182	182	121	141
consensus	Sample_127	241	241	196	196	227	227	175	179	223	227	273	277	122	128	190	190	190	194	121	141
consensus	Sample_128	239	241	198	200	227	233	173	175	213	217	245	273	122	134	190	190	178	190	121	141
consensus	Sample_129	239	241	196	200	233	233	177	177	-99	-99	273	277	-99	-99	182	190	190	190	121	129
consensus	Sample_130	-99	-99	194	196	-99	-99	-99	-99	213	227	-99	-99	138	138	182	190	-99	-99	121	121
consensus	Sample_131	239	241	196	200	229	229	175	177	219	219	269	277	122	128	182	190	190	190	121	129
consensus	Sample_132	239	241	196	200	-99	-99	177	177	219	219	269	277	122	128	182	190	190	190	121	121
consensus	Sample_133	239	241	198	200	227	233	175	175	213	223	245	273	122	126	190	198	160	190	119	141
consensus	Sample_134	241	241	196	202	231	231	177	177	231	235	263	273	122	138	182	190	160	170	141	141
consensus	Sample_135	239	239	198	198	227	227	175	175	223	231	-99	-99	128	138	190	190	160	190	121	141
consensus	Sample_136	-99	-99	196	200	-99	-99	177	177	213	213	-99	-99	126	138	182	194	-99	-99	121	141
consensus	Sample_137	239	239	196	198	233	233	177	177	227	235	277	281	126	128	190	190	160	160	121	141
consensus	Sample_138	239	241	196	198	227	227	173	177	219	231	273	273	128	138	182	190	190	190	121	121
consensus	Sample_139	-99	-99	194	198	-99	-99	175	175	221	221	-99	-99	-99	-99	190	190	-99	-99	121	121
consensus	Sample_14	-99	-99	200	200	-99	-99	-99	-99	221	223	-99	-99	122	138	190	190	-99	-99	121	121
consensus	Sample_140	239	239	196	198	233	233	177	177	227	235	277	281	126	128	190	190	160	190	121	141
consensus	Sample_141	241	241	194	196	227	227	-666	-666	213	231	-99	-99	128	128	194	198	164	174	121	141
consensus	Sample_142	241	241	196	196	227	227	177	177	219	219	273	273	122	122	182	190	182	182	121	141
consensus	Sample_143	241	241	196	202	231	231	175	177	231	235	263	273	122	138	182	190	160	170	141	141
consensus	Sample_144	239	241	196	198	233	233	177	177	223	227	273	281	128	138	190	190	160	190	121	141
consensus	Sample_145	239	241	196	196	227	233	175	179	213	231	255	267	128	128	194	198	190	194	121	141
consensus	Sample_146	239	241	-99	-99	227	229	175	177	221	227	277	277	122	134	190	190	-99	-99	121	121
consensus	Sample_147	239	241	196	196	-99	-99	175	179	213	231	-99	-99	128	128	194	198	-99	-99	121	141
consensus	Sample_148	239	239	196	200	229	229	175	175	227	235	-99	-99	122	122	190	190	-99	-99	121	141
consensus	Sample_149	239	239	196	200	229	229	175	175	227	227	273	277	122	122	190	190	-99	-99	121	121
consensus	Sample_150	239	241	196	200	229	229	175	175	227	227	273	277	122	122	190	190	194	198	121	121
consensus	Sample_151	239	241	196	196	233	233	161	181	231	231	253	273	128	128	182	194	182	190	121	141
consensus	Sample_152	239	241	198	200	233	233	177	177	221	227	273	281	126	138	190	198	160	160	141	141
consensus	Sample_153	239	239	196	196	227	233	-666	-666	213	231	255	267	128	128	194	198	-99	-99	121	141
consensus	Sample_154	241	241	196	208	229	229	-99	-99	219	219	273	273	110	122	182	190	-99	-99	121	141
consensus	Sample_155	239	239	196	198	233	233	177	177	227	235	-99	-99	126	128	190	190	160	190	121	141
consensus	Sample_156	239	239	200	200	227	227	175	175	223	231	-99	-99	122	126	190	190	186	186	121	141
consensus	Sample_157	239	241	194	196	227	227	171	175	219	235	245	277	-99	-99	190	194	160	182	121	141
consensus	Sample_158	-99	-99	202	202	-99	-99	175	177	231	235	-99	-99	122	122	182	190	-99	-99	141	141
consensus	Sample_159	239	241	196	196	231	233	177	177	213	235	277	277	126	126	190	194	190	194	121	141
consensus	Sample_161	-99	-99	-99	-99	-99	-99	-99	-99	-99	-99	-99	-99	-99	-99	190	190	-99	-99	-99	-99
consensus	Sample_164	241	241	196	200	229	229	175	175	219	227	-99	-99	-666	-666	190	190	198	198	121	121
consensus	Sample_165	-99	-99	200	200	-99	-99	175	175	227	227	-99	-99	122	138	190	190	-99	-99	121	121
consensus	Sample_166	239	241	196	200	227	233	175	175	223	231	245	277	122	126	190	190	186	190	121	141
consensus	Sample_167	-99	-99	-99	-99	-99	-99	-99	-99	-99	-99	-99	-99	-99	-99	-99	-99	-99	-99	-99	-99
consensus	Sample_168	-99	-99	-99	-99	-99	-99	-99	-99	-99	-99	-99	-99	126	126	-99	-99	-99	-99	121	121
consensus	Sample_169	239	239	196	198	233	233	177	177	227	235	277	281	126	128	190	190	160	190	121	141
consensus	Sample_17	-99	-99	-99	-99	-99	-99	-99	-99	-99	-99	-99	-99	-99	-99	182	182	-99	-99	121	141
consensus	Sample_170	239	241	196	198	227	227	175	175	213	231	245	245	122	122	194	198	182	190	121	141
consensus	Sample_171	239	241	198	200	233	233	177	177	221	227	273	281	126	138	190	198	160	160	141	141
consensus	Sample_172	241	241	196	200	229	229	175	175	227	227	-99	-99	122	122	190	190	194	194	121	121
consensus	Sample_174	241	241	196	200	229	229	175	175	227	227	273	277	122	122	190	190	194	198	121	121
consensus	Sample_175	-99	-99	194	196	227	227	175	177	217	219	273	273	122	122	182	190	182	182	121	141
consensus	Sample_176	241	241	196	200	229	229	175	175	227	227	273	277	122	122	190	190	194	194	121	121
consensus	Sample_177	241	241	196	200	229	229	175	177	227	227	273	277	104	122	190	190	-666	-666	121	121
consensus	Sample_178	239	241	196	196	233	233	175	175	231	231	273	273	126	134	190	190	182	190	121	121
consensus	Sample_179	239	241	196	200	227	233	175	175	223	231	245	245	122	126	190	190	186	190	121	141
consensus	Sample_18	241	241	196	200	231	235	159	175	213	217	273	277	122	126	190	190	-99	-99	141	141
consensus	Sample_181	-99	-99	196	200	-99	-99	177	177	219	219	-99	-99	122	128	182	190	-99	-99	121	129
consensus	Sample_182	239	241	198	198	227	227	175	177	223	231	263	273	128	138	190	190	160	160	121	141
consensus	Sample_183	241	241	196	196	233	233	175	177	219	223	245	273	122	128	190	190	170	190	121	141
consensus	Sample_185	239	239	196	200	231	235	177	177	213	227	273	277	126	134	182	194	178	182	121	141
consensus	Sample_187	239	241	196	198	227	227	175	175	213	231	245	245	122	126	194	198	182	190	121	141
consensus	Sample_188	-99	-99	194	196	-99	-99	175	175	213	227	-99	-99	138	138	182	190	-99	-99	121	121
consensus	Sample_189	-99	-99	-99	-99	-99	-99	-99	-99	-99	-99	-99	-99	-99	-99	-99	-99	-99	-99	-99	-99
consensus	Sample_19	239	241	196	200	227	231	175	177	-99	-99	263	277	122	128	190	194	160	164	-99	-99
consensus	Sample_191	239	241	196	196	229	233	173	173	213	213	273	277	122	134	182	190	182	190	121	121
consensus	Sample_192	-99	-99	-99	-99	-99	-99	-99	-99	-99	-99	-99	-99	-99	-99	190	190	-99	-99	121	141
consensus	Sample_193	241	241	196	196	227	227	175	179	223	227	273	273	122	128	190	190	190	194	121	141
consensus	Sample_194	-99	-99	-99	-99	229	229	175	175	219	227	-99	-99	122	138	190	190	-99	-99	121	121
consensus	Sample_195	239	241	-666	-666	229	229	175	175	219	227	273	277	122	138	190	190	190	198	121	141
consensus	Sample_196	239	241	196	196	227	233	175	175	213	231	255	267	128	128	194	198	190	194	121	141
consensus	Sample_197	-99	-99	200	200	-99	-99	175	175	213	213	-99	-99	126	126	190	194	-99	-99	121	141
consensus	Sample_198	-99	-99	200	200	-99	-99	-99	-99	213	213	-99	-99	126	126	194	194	-99	-99	121	141
consensus	Sample_199	-99	-99	-99	-99	-99	-99	-99	-99	-99	-99	-99	-99	-99	-99	-99	-99	-99	-99	-99	-99
consensus	Sample_2	-99	-99	-99	-99	-99	-99	-99	-99	-99	-99	-99	-99	122	128	190	198	-99	-99	121	121
consensus	Sample_200	241	241	196	196	227	229	177	177	219	235	273	273	122	122	182	190	182	182	121	141
consensus	Sample_201	239	241	196	202	231	231	175	177	231	235	263	273	122	122	182	190	160	170	141	141
consensus	Sample_202	-99	-99	196	200	-99	-99	177	177	213	227	-99	-99	126	138	182	194	-99	-99	121	141
consensus	Sample_203	241	241	196	202	231	231	175	177	231	235	263	273	122	138	182	190	160	170	141	141
consensus	Sample_204	-99	-99	200	200	-99	-99	175	175	213	223	245	245	126	126	190	194	-99	-99	121	141
consensus	Sample_206	239	241	196	200	233	233	177	177	213	227	273	277	126	138	182	194	182	182	121	141
consensus	Sample_207	-99	-99	200	200	-99	-99	-99	-99	227	227	-99	-99	122	122	190	190	-99	-99	121	121
consensus	Sample_208	239	241	196	198	233	233	177	177	223	227	273	281	128	138	190	190	160	160	121	141
consensus	Sample_209	-99	-99	194	194	-99	-99	-99	-99	219	219	-99	-99	-99	-99	190	190	-99	-99	141	141
consensus	Sample_21	-99	-99	-99	-99	-99	-99	-99	-99	-99	-99	-99	-99	-99	-99	-99	-99	-99	-99	-99	-99
consensus	Sample_210	-99	-99	196	196	-99	-99	177	177	227	231	245	245	128	128	190	198	-99	-99	121	141
consensus	Sample_213	239	241	196	200	229	229	175	175	219	227	273	277	122	138	190	190	190	198	121	121
consensus	Sample_214	241	241	196	200	229	229	175	175	219	227	-99	-99	122	138	190	190	-99	-99	121	121
consensus	Sample_215	-99	-99	-99	-99	-99	-99	-99	-99	-99	-99	-99	-99	-99	-99	190	190	-99	-99	121	121
consensus	Sample_216	239	241	196	196	233	233	-99	-99	231	231	253	273	128	128	182	194	-99	-99	121	141
consensus	Sample_217	-99	-99	-99	-99	-99	-99	161	175	219	231	-99	-99	128	138	182	190	-99	-99	121	141
consensus	Sample_218	-99	-99	198	200	227	233	173	175	213	217	245	245	122	122	190	190	-99	-99	121	141
consensus	Sample_219	-99	-99	-99	-99	-99	-99	-99	-99	-99	-99	-99	-99	-99	-99	-99	-99	-99	-99	-99	-99
consensus	Sample_220	239	239	196	200	231	231	177	179	213	231	263	273	128	134	190	198	182	190	121	121
consensus	Sample_221	239	241	196	196	233	233	175	177	213	223	255	265	126	134	182	190	194	194	121	121
consensus	Sample_222	239	241	196	200	229	233	175	175	213	219	273	277	122	122	190	190	190	198	121	121
consensus	Sample_225	239	241	196	196	233	233	171	173	213	213	273	277	122	122	182	190	182	190	121	121
consensus	Sample_226	239	241	196	202	229	229	161	161	219	231	277	277	122	128	182	190	182	190	121	121
consensus	Sample_227	-99	-99	-99	-99	-99	-99	-99	-99	-99	-99	-99	-99	122	122	190	190	190	190	121	121
consensus	Sample_228	241	241	196	196	227	233	173	181	219	219	245	273	128	134	198	198	190	190	119	141
consensus	Sample_23	-99	-99	-99	-99	-99	-99	-99	-99	-99	-99	-99	-99	-99	-99	182	182	-99	-99	-99	-99
consensus	Sample_231	239	239	196	200	229	229	175	175	219	227	273	277	122	138	190	190	190	190	121	121
consensus	Sample_232	239	241	194	200	227	231	177	177	239	239	273	277	122	128	182	190	190	190	141	141
consensus	Sample_233	239	241	196	200	227	233	175	175	213	239	277	277	128	128	182	190	190	190	141	141
consensus	Sample_235	-99	-99	-99	-99	-99	-99	-99	-99	-99	-99	-99	-99	128	128	190	190	-99	-99	141	141
consensus	Sample_237	239	241	198	200	231	239	177	177	213	239	-99	-99	122	128	182	182	190	190	121	141
consensus	Sample_24	239	241	196	196	227	233	175	179	231	231	273	285	134	134	182	190	186	186	141	141
consensus	Sample_241	239	241	194	200	227	231	177	177	239	239	273	277	122	128	182	190	190	190	141	141
consensus	Sample_242	239	241	196	200	227	233	175	175	213	239	277	277	126	128	182	190	190	190	141	141
consensus	Sample_244	-99	-99	194	200	227	227	-99	-99	-99	-99	-99	-99	122	128	182	190	190	190	141	141
consensus	Sample_245	-99	-99	194	196	-99	-99	177	177	-99	-99	-99	-99	122	144	190	190	164	178	121	129
consensus	Sample_246	-99	-99	198	200	233	233	177	177	213	239	273	277	122	128	182	182	190	190	121	141
consensus	Sample_249	239	241	194	200	227	231	177	177	239	239	273	277	122	128	182	190	190	190	141	141
consensus	Sample_25	241	241	196	196	233	233	161	175	213	219	269	273	128	138	190	198	160	160	121	141
consensus	Sample_250	-99	-99	198	200	233	233	177	177	-99	-99	277	277	122	128	182	182	-99	-99	121	141
consensus	Sample_251	239	239	198	200	231	233	177	177	213	239	273	273	122	128	182	182	190	190	121	141
consensus	Sample_252	-99	-99	198	200	-99	-99	177	177	213	213	-99	-99	122	128	182	182	190	190	121	141
consensus	Sample_253	239	241	194	200	227	231	177	177	239	239	-99	-99	122	128	182	190	190	190	141	141
consensus	Sample_254	239	241	194	200	227	231	177	177	239	239	273	277	122	128	182	190	190	190	141	141
consensus	Sample_255	239	241	194	196	233	233	177	177	227	235	261	273	134	138	190	190	182	190	121	141
consensus	Sample_256	239	241	194	200	227	231	177	177	239	239	273	277	122	128	182	182	190	190	141	141
consensus	Sample_259	239	241	196	200	227	233	175	175	213	227	261	261	126	134	182	194	190	190	121	141
consensus	Sample_260	239	241	196	200	227	233	175	175	213	227	261	277	126	134	182	194	190	190	121	141
consensus	Sample_261	239	241	198	200	231	233	177	177	213	239	273	277	122	128	182	194	190	190	121	141
consensus	Sample_262	-99	-99	-99	-99	-99	-99	177	177	-99	-99	-99	-99	122	128	182	190	-99	-99	141	141
consensus	Sample_264	241	241	196	200	-99	-99	177	177	213	213	-99	-99	122	122	182	190	190	190	121	141
consensus	Sample_266	-99	-99	-99	-99	-99	-99	177	177	-99	-99	-99	-99	122	128	182	190	-99	-99	141	141
consensus	Sample_270	-99	-99	200	200	-99	-99	177	177	-99	-99	-99	-99	122	128	182	190	190	190	141	141
consensus	Sample_272	239	241	198	200	231	233	177	177	213	239	273	277	122	128	182	182	190	190	121	141
consensus	Sample_274	239	241	196	200	227	233	175	175	213	239	277	277	126	128	182	190	190	190	141	141
consensus	Sample_275	241	241	196	200	227	233	175	175	213	239	277	277	126	128	182	190	190	190	141	141
consensus	Sample_276	239	241	196	200	227	233	175	175	213	227	261	277	126	134	182	194	190	190	121	141
consensus	Sample_277	-99	-99	-99	-99	-99	-99	-99	-99	-99	-99	-99	-99	-99	-99	-99	-99	-99	-99	-99	-99
consensus	Sample_278	239	241	196	196	227	233	175	175	213	239	277	277	128	128	182	190	190	190	141	141
consensus	Sample_280	-99	-99	194	200	-99	-99	177	177	239	239	-99	-99	122	128	182	190	190	190	141	141
consensus	Sample_281	239	239	194	200	227	227	177	177	-99	-99	273	277	122	128	182	190	190	190	141	141
consensus	Sample_282	-99	-99	-99	-99	-99	-99	-99	-99	-99	-99	-99	-99	122	122	182	182	-99	-99	121	121
consensus	Sample_284	239	241	194	200	227	231	177	177	239	239	273	277	122	128	182	190	190	190	141	141
consensus	Sample_285	241	241	198	200	231	231	173	177	213	217	261	285	122	126	190	198	182	182	121	129
consensus	Sample_286	241	241	194	200	227	227	177	177	239	239	273	277	122	128	182	190	186	190	141	141
consensus	Sample_287	-99	-99	-99	-99	-99	-99	-99	-99	-99	-99	-99	-99	-99	-99	-99	-99	-99	-99	-99	-99
consensus	Sample_288	-99	-99	200	200	227	233	175	175	213	213	-99	-99	128	128	182	190	-99	-99	141	141
consensus	Sample_29	239	241	194	196	227	229	177	179	219	231	245	255	134	138	190	190	-99	-99	121	141
consensus	Sample_290	-99	-99	200	200	-99	-99	173	177	213	217	-99	-99	-99	-99	190	198	-99	-99	121	129
consensus	Sample_291	-99	-99	-99	-99	-99	-99	-99	-99	-99	-99	-99	-99	-99	-99	-99	-99	-99	-99	-99	-99
consensus	Sample_292	-99	-99	-99	-99	-99	-99	-99	-99	-99	-99	-99	-99	-99	-99	-99	-99	-99	-99	121	141
consensus	Sample_294	-99	-99	196	200	-99	-99	175	175	213	239	-99	-99	126	128	182	190	190	190	141	141
consensus	Sample_295	239	239	194	200	-99	-99	-99	-99	-99	-99	-99	-99	122	128	-99	-99	-99	-99	141	141
consensus	Sample_296	239	241	196	200	227	233	175	175	213	239	277	277	128	128	182	190	190	190	141	141
consensus	Sample_297	239	241	196	200	227	233	175	175	213	239	277	277	128	128	182	190	190	190	141	141
consensus	Sample_298	241	241	196	200	227	233	175	175	-99	-99	277	277	126	128	182	190	190	190	141	141
consensus	Sample_299	239	241	196	200	233	233	177	181	213	213	255	255	130	134	190	190	178	194	121	129
consensus	Sample_3	241	241	196	196	227	233	177	177	223	231	273	273	122	130	190	190	160	160	121	141
consensus	Sample_30	239	239	196	198	231	231	177	177	219	219	273	277	126	126	182	190	164	164	121	121
consensus	Sample_300	-99	-99	-99	-99	-99	-99	-99	-99	-99	-99	-99	-99	-99	-99	-99	-99	-99	-99	141	141
consensus	Sample_302	239	241	194	200	233	233	177	177	213	227	255	273	122	134	190	190	182	190	121	141
consensus	Sample_303	-99	-99	-99	-99	-99	-99	177	177	227	235	-99	-99	-99	-99	190	190	-99	-99	121	141
consensus	Sample_304	239	241	198	200	233	233	-99	-99	213	213	255	263	122	134	182	182	178	182	121	121
consensus	Sample_306	-99	-99	196	200	-99	-99	177	181	213	213	255	255	-99	-99	190	190	178	194	121	129
consensus	Sample_308	239	241	198	200	231	233	177	177	213	239	273	277	122	128	182	182	190	190	121	141
consensus	Sample_309	241	241	196	200	233	233	177	181	213	213	255	255	130	134	190	190	178	194	121	129
consensus	Sample_31	239	239	196	198	-99	-99	177	177	219	219	-99	-99	126	126	182	190	-99	-99	121	121
consensus	Sample_311	239	239	196	200	227	233	175	175	213	239	-99	-99	126	128	182	190	190	190	141	141
consensus	Sample_315	-99	-99	-99	-99	-99	-99	-99	-99	-99	-99	-99	-99	-99	-99	-99	-99	-99	-99	-99	-99
consensus	Sample_316	239	241	194	200	227	231	177	177	239	239	273	273	122	128	182	190	190	190	141	141
consensus	Sample_317	239	239	198	200	241	241	177	177	217	227	255	277	134	134	190	190	164	190	121	141
consensus	Sample_318	239	241	194	200	-99	-99	177	177	239	239	273	273	122	128	182	190	190	190	141	141
consensus	Sample_319	239	241	196	200	227	233	175	175	213	239	277	277	126	128	182	190	190	190	141	141
consensus	Sample_32	-99	-99	-99	-99	-99	-99	-99	-99	-99	-99	-99	-99	-99	-99	-99	-99	-99	-99	121	121
consensus	Sample_320	239	241	196	200	227	227	-99	-99	213	239	277	277	126	128	182	190	190	190	141	141
consensus	Sample_321	239	241	194	196	233	233	177	177	227	235	261	273	134	138	190	190	182	190	121	141
consensus	Sample_322	239	239	198	200	241	241	177	177	217	227	255	255	134	134	190	190	164	190	121	141
consensus	Sample_323	239	239	198	200	241	241	177	177	227	227	255	277	134	134	190	190	164	164	121	141
consensus	Sample_324	239	241	196	196	231	231	177	177	227	235	263	273	128	134	190	194	164	190	121	141
consensus	Sample_326	239	241	194	196	233	233	177	177	227	235	261	273	134	138	190	190	182	190	121	141
consensus	Sample_327	-99	-99	194	200	-99	-99	177	177	-99	-99	-99	-99	122	128	182	190	190	190	141	141
consensus	Sample_328	-99	-99	194	200	-99	-99	177	177	239	239	-99	-99	122	128	182	190	190	190	141	141
consensus	Sample_329	241	241	198	200	231	231	173	177	213	213	285	285	122	122	190	198	182	182	121	129
consensus	Sample_332	-99	-99	194	200	-99	-99	177	177	-99	-99	-99	-99	122	128	182	190	-99	-99	141	141
consensus	Sample_333	241	241	196	196	-99	-99	177	177	227	235	261	273	134	134	190	190	-99	-99	121	141
consensus	Sample_334	-99	-99	196	196	231	231	177	177	227	235	263	273	128	128	190	194	164	190	121	141
consensus	Sample_335	-99	-99	-666	-666	-99	-99	175	175	213	213	-99	-99	126	128	182	190	-99	-99	141	141
consensus	Sample_336	-99	-99	-99	-99	-99	-99	-99	-99	-99	-99	-99	-99	-99	-99	190	190	-99	-99	121	129
consensus	Sample_337	239	241	196	200	227	233	175	175	213	227	261	277	126	134	182	194	190	190	121	141
consensus	Sample_338	239	241	196	200	227	233	175	175	213	239	277	277	126	128	182	190	190	190	141	141
consensus	Sample_339	239	241	194	196	233	233	177	177	227	235	261	273	134	138	190	190	182	182	121	141
consensus	Sample_340	239	241	196	200	233	233	177	181	213	213	255	255	130	134	190	190	178	194	121	129
consensus	Sample_342	239	241	198	200	233	233	173	177	213	213	255	263	122	134	182	182	178	182	121	121
consensus	Sample_344	239	241	198	200	233	233	173	177	213	213	255	263	122	134	182	182	178	182	121	121
consensus	Sample_345	239	239	196	196	-99	-99	177	177	227	227	263	263	128	134	190	194	164	164	121	141
consensus	Sample_346	-99	-99	196	200	-99	-99	175	175	213	213	-99	-99	126	134	182	194	190	190	121	141
consensus	Sample_347	239	241	198	200	231	231	177	177	213	213	-99	-99	122	128	182	182	190	190	121	141
consensus	Sample_348	-99	-99	194	200	-99	-99	177	177	-99	-99	-99	-99	122	128	182	190	-99	-99	141	141
consensus	Sample_349	239	241	198	200	231	233	177	177	213	239	273	277	122	128	182	182	190	190	121	141
consensus	Sample_35	241	241	194	196	227	233	175	175	219	221	273	277	134	134	190	198	160	160	121	121
consensus	Sample_350	239	241	194	200	227	231	177	177	233	239	273	277	122	128	182	190	190	190	141	141
consensus	Sample_352	241	241	200	200	231	231	177	177	227	227	277	277	134	134	190	190	164	194	121	121
consensus	Sample_353	241	241	200	200	231	231	177	177	227	227	-99	-99	134	134	190	190	164	194	121	121
consensus	Sample_354	-99	-99	-99	-99	-99	-99	-99	-99	-99	-99	-99	-99	-99	-99	-99	-99	-99	-99	-99	-99
consensus	Sample_355	241	241	196	200	227	231	177	181	227	227	277	277	134	134	190	190	164	194	119	121
consensus	Sample_357	241	241	200	200	231	231	175	177	213	227	245	277	134	134	190	190	190	194	121	141
consensus	Sample_358	239	241	196	200	227	227	-666	-666	223	227	261	273	134	134	190	194	182	190	119	121
consensus	Sample_360	-99	-99	200	200	-99	-99	161	175	-99	-99	-99	-99	122	134	190	190	178	186	121	141
consensus	Sample_361	-99	-99	200	200	-99	-99	175	175	227	227	-99	-99	122	126	182	194	164	190	121	141
consensus	Sample_362	239	239	200	200	-99	-99	161	175	239	239	-99	-99	122	122	190	190	178	186	121	141
consensus	Sample_363	-99	-99	196	196	-99	-99	161	161	-99	-99	-99	-99	122	134	-99	-99	194	194	119	141
consensus	Sample_364	239	241	200	200	231	231	161	175	227	239	273	273	122	134	190	190	178	186	121	141
consensus	Sample_366	239	241	196	200	227	227	161	177	223	227	261	273	134	134	190	194	182	190	119	121
consensus	Sample_367	239	241	200	200	231	231	161	175	227	239	273	273	122	134	190	190	178	186	121	141
consensus	Sample_369	241	241	200	200	231	231	161	175	227	239	255	273	134	134	190	194	186	194	121	141
consensus	Sample_37	-99	-99	196	200	-99	-99	175	177	213	213	-99	-99	128	128	190	198	182	190	121	141
consensus	Sample_370	241	241	198	200	227	227	175	177	213	227	255	273	134	134	190	190	182	194	121	121
consensus	Sample_371	239	241	200	200	231	231	161	175	227	239	273	273	122	134	190	190	178	186	121	141
consensus	Sample_372	239	241	196	200	231	231	175	177	223	227	255	273	126	134	194	194	186	190	121	141
consensus	Sample_375	239	241	196	200	231	231	175	177	223	227	255	273	126	134	194	194	186	190	121	141
consensus	Sample_376	239	239	196	196	227	227	175	177	223	227	255	255	134	134	190	194	164	194	121	141
consensus	Sample_377	239	241	196	200	231	231	177	177	223	227	255	273	126	134	194	194	186	190	121	141
consensus	Sample_379	239	241	200	200	231	231	161	175	227	239	273	273	122	134	190	190	178	186	121	141
consensus	Sample_380	239	241	200	200	231	231	161	175	227	239	273	273	122	134	190	190	178	186	121	141
consensus	Sample_381	239	241	200	200	231	231	161	175	227	239	273	273	122	134	190	190	178	186	121	141
consensus	Sample_382	241	241	198	200	-99	-99	161	179	213	213	-99	-99	134	134	190	190	190	194	121	121
consensus	Sample_383	239	241	200	200	231	231	161	175	227	239	273	273	122	134	190	190	178	186	121	141
consensus	Sample_385	239	241	196	200	231	231	161	177	-99	-99	273	277	-99	-99	190	190	-99	-99	121	141
consensus	Sample_386	239	241	196	200	231	231	161	177	239	239	273	273	122	134	190	198	186	194	119	141
consensus	Sample_387	239	239	196	196	227	227	175	177	223	227	255	255	134	134	190	194	164	194	121	141
consensus	Sample_390	-99	-99	-99	-99	-99	-99	-99	-99	-99	-99	-99	-99	122	122	190	190	-99	-99	121	141
consensus	Sample_392	-99	-99	-99	-99	-99	-99	-99	-99	-99	-99	-99	-99	-99	-99	-99	-99	-99	-99	121	121
consensus	Sample_393	-99	-99	-99	-99	-99	-99	-99	-99	-99	-99	-99	-99	-99	-99	-99	-99	-99	-99	-99	-99
consensus	Sample_395	239	239	196	200	231	231	177	177	213	239	273	277	122	138	190	190	182	194	121	141
consensus	Sample_396	241	241	194	200	231	233	175	175	223	227	255	255	122	122	190	194	190	190	121	141
consensus	Sample_397	241	241	200	200	231	231	161	175	227	239	255	273	134	134	190	194	186	194	121	141
consensus	Sample_398	239	241	196	200	227	227	161	177	223	227	261	273	134	134	190	194	182	190	119	121
consensus	Sample_4	-99	-99	200	200	-99	-99	175	177	219	223	273	273	122	126	190	190	160	160	141	141
consensus	Sample_401	239	241	196	200	227	227	161	177	223	227	261	273	134	134	190	194	182	190	119	121
consensus	Sample_402	239	241	200	200	231	231	161	175	227	239	-99	-99	122	134	190	190	178	186	121	141
consensus	Sample_406	241	241	200	200	231	231	161	175	227	239	255	273	134	134	190	194	186	194	121	141
consensus	Sample_408	239	241	196	200	231	231	177	177	223	227	255	273	126	134	194	194	186	190	121	141
consensus	Sample_410	239	241	196	200	227	227	161	177	223	227	261	273	134	134	190	194	182	190	119	121
consensus	Sample_412	239	241	200	200	231	233	161	179	239	239	261	273	122	134	190	190	186	190	121	121
consensus	Sample_414	239	239	196	200	227	231	175	177	223	227	255	269	134	134	190	194	190	194	119	121
consensus	Sample_417	-99	-99	-99	-99	-99	-99	-99	-99	-99	-99	-99	-99	-99	-99	-99	-99	-99	-99	119	121
consensus	Sample_418	-99	-99	200	200	-99	-99	175	175	-99	-99	-99	-99	134	134	190	190	-99	-99	121	121
consensus	Sample_419	241	241	200	200	231	231	161	175	227	239	255	273	134	134	190	194	186	194	121	141
consensus	Sample_420	-99	-99	-99	-99	-99	-99	-99	-99	-99	-99	-99	-99	-99	-99	-99	-99	-99	-99	-99	-99
consensus	Sample_421	-99	-99	196	196	227	231	175	175	-99	-99	-99	-99	134	134	190	190	164	194	119	141
consensus	Sample_422	239	239	196	200	-99	-99	175	175	-99	-99	-99	-99	134	134	190	190	182	190	121	121
consensus	Sample_423	239	239	196	200	231	231	177	177	227	239	255	269	134	134	190	190	182	190	121	121
consensus	Sample_424	-99	-99	-99	-99	-99	-99	-99	-99	-99	-99	-99	-99	-99	-99	-99	-99	-99	-99	-99	-99
consensus	Sample_425	239	241	196	200	231	231	177	177	223	227	255	273	126	134	194	194	186	190	121	141
consensus	Sample_426	241	241	200	200	231	231	161	175	227	227	255	255	134	134	190	194	186	194	121	141
consensus	Sample_428	239	241	200	200	231	233	161	161	239	239	261	273	122	134	190	190	186	190	121	121
consensus	Sample_429	239	241	200	200	231	233	161	179	239	239	261	273	122	134	190	190	186	190	121	121
consensus	Sample_430	-99	-99	-99	-99	-99	-99	-99	-99	-99	-99	-99	-99	-99	-99	194	194	-99	-99	-99	-99
consensus	Sample_432	239	241	200	200	231	231	161	175	227	239	273	273	122	134	190	190	178	186	121	141
consensus	Sample_433	239	239	200	200	231	231	161	175	227	239	273	273	122	134	190	190	178	186	121	141
consensus	Sample_434	241	241	196	196	227	227	175	175	227	239	267	267	134	134	194	194	164	164	121	141
consensus	Sample_435	239	239	196	196	227	227	175	177	223	227	255	255	134	134	190	194	164	194	121	141
consensus	Sample_438	241	241	196	196	227	231	175	175	223	227	245	255	134	134	190	194	164	190	121	141
consensus	Sample_439	239	239	196	200	231	231	175	177	223	227	255	269	134	134	190	194	190	194	119	121
consensus	Sample_440	239	241	196	200	231	231	161	177	239	239	273	273	122	134	190	198	186	194	119	141
consensus	Sample_442	241	241	200	200	231	231	161	175	-99	-99	-99	-99	-99	-99	194	194	-99	-99	121	141
consensus	Sample_443	239	241	200	200	231	233	161	179	239	239	261	273	122	134	190	190	186	190	121	121
consensus	Sample_444	241	241	196	196	227	231	161	177	223	239	255	273	122	134	190	198	194	194	119	141
consensus	Sample_445	239	241	196	200	227	227	161	177	223	227	255	273	134	138	194	194	190	190	141	141
consensus	Sample_446	239	241	196	200	231	231	177	177	223	227	255	273	126	134	194	194	186	190	121	141
consensus	Sample_447	239	241	196	200	227	231	175	177	213	227	255	277	134	134	190	194	182	190	121	141
consensus	Sample_448	-99	-99	-99	-99	231	231	175	179	-99	-99	267	267	134	134	190	190	-99	-99	121	141
consensus	Sample_450	239	239	196	200	227	227	175	175	223	227	255	269	134	134	190	194	190	194	119	121
consensus	Sample_452	241	241	196	196	227	231	161	177	223	239	255	273	122	134	190	198	194	194	119	141
consensus	Sample_453	241	241	196	196	227	231	161	177	223	239	255	273	122	134	190	198	194	194	119	141
consensus	Sample_454	-99	-99	-99	-99	-99	-99	-99	-99	-99	-99	-99	-99	-99	-99	-99	-99	-99	-99	-99	-99
consensus	Sample_455	-99	-99	-99	-99	-99	-99	-99	-99	-99	-99	-99	-99	-99	-99	-99	-99	-99	-99	-99	-99
consensus	Sample_456	-99	-99	-99	-99	-99	-99	-99	-99	-99	-99	-99	-99	-99	-99	-99	-99	-99	-99	-99	-99
consensus	Sample_457	-99	-99	-99	-99	-99	-99	-99	-99	-99	-99	-99	-99	-99	-99	-99	-99	-99	-99	-99	-99
consensus	Sample_458	239	241	196	196	231	231	177	177	213	227	267	277	122	134	190	190	190	194	121	141
consensus	Sample_459	241	241	194	196	231	231	177	177	227	231	255	269	126	134	190	190	182	190	121	121
consensus	Sample_460	239	241	194	200	227	231	177	177	227	227	277	277	122	134	190	190	194	194	119	141
consensus	Sample_462	239	239	198	200	231	231	175	177	219	227	255	269	122	126	190	194	164	178	121	141
consensus	Sample_463	239	241	200	200	231	231	177	177	227	227	245	255	134	144	190	194	182	194	121	121
consensus	Sample_464	239	239	198	200	231	231	177	177	219	227	255	269	122	126	190	194	164	178	121	141
consensus	Sample_465	239	241	200	200	227	227	177	177	223	227	255	277	134	134	194	198	164	186	121	121
consensus	Sample_466	239	241	200	200	227	227	177	177	223	227	255	277	134	134	194	198	164	186	121	121
consensus	Sample_467	239	239	196	200	231	231	161	177	213	231	255	273	122	134	182	198	190	194	119	121
consensus	Sample_469	239	241	196	196	231	231	173	177	223	223	267	267	134	134	190	190	190	194	121	121
consensus	Sample_47	239	241	196	196	229	233	175	175	213	231	245	273	138	138	190	198	190	190	129	141
consensus	Sample_470	-99	-99	-99	-99	-99	-99	-99	-99	-99	-99	-99	-99	-99	-99	-99	-99	-99	-99	-99	-99
consensus	Sample_471	239	241	196	200	227	231	177	177	213	219	255	277	122	134	190	190	190	194	119	121
consensus	Sample_472	239	241	196	196	227	231	175	179	223	227	255	277	134	134	182	190	164	190	121	121
consensus	Sample_473	239	241	196	200	227	233	177	177	227	227	261	273	126	138	182	190	190	194	141	141
consensus	Sample_474	239	241	196	200	227	231	177	177	213	219	255	277	122	134	190	190	190	194	119	121
consensus	Sample_475	239	241	196	200	227	231	177	177	213	217	269	273	134	134	182	190	194	198	121	121
consensus	Sample_476	239	241	196	200	227	231	177	177	213	219	255	277	122	134	190	190	190	194	119	121
consensus	Sample_477	239	241	200	200	231	231	177	177	227	227	245	255	134	144	190	194	182	194	121	121
consensus	Sample_478	-99	-99	-99	-99	-99	-99	-99	-99	-99	-99	-99	-99	-99	-99	-99	-99	-99	-99	121	121
consensus	Sample_48	-99	-99	-99	-99	-99	-99	-99	-99	-99	-99	-99	-99	-99	-99	-99	-99	-99	-99	-99	-99
consensus	Sample_480	-99	-99	-99	-99	-99	-99	-99	-99	-99	-99	-99	-99	-99	-99	190	190	-99	-99	-99	-99
consensus	Sample_481	239	241	198	200	227	231	175	177	219	223	255	277	134	134	190	190	164	194	121	121
consensus	Sample_482	239	241	196	200	227	233	177	177	227	227	261	273	126	138	182	190	190	194	141	141
consensus	Sample_483	241	241	196	196	231	231	175	179	213	223	261	269	126	134	182	190	182	190	121	121
consensus	Sample_484	-99	-99	-99	-99	-99	-99	-99	-99	-99	-99	-99	-99	-99	-99	-99	-99	-99	-99	-99	-99
consensus	Sample_485	239	241	198	200	227	231	175	177	219	223	255	277	134	134	190	190	164	194	121	121
consensus	Sample_486	239	239	200	200	227	231	161	177	239	239	255	277	134	134	190	190	164	194	121	121
consensus	Sample_487	239	239	200	200	-99	-99	161	177	239	239	255	255	134	134	190	190	164	194	121	121
consensus	Sample_488	-99	-99	-99	-99	-99	-99	-99	-99	-99	-99	-99	-99	-99	-99	-99	-99	-99	-99	-99	-99
consensus	Sample_49	239	239	196	196	231	235	175	175	219	223	249	277	138	138	190	194	-99	-99	121	121
consensus	Sample_490	239	241	196	200	227	231	177	177	237	239	255	267	134	134	190	190	164	194	121	121
consensus	Sample_491	239	241	200	200	231	231	177	177	227	227	245	255	134	144	190	194	182	194	121	121
consensus	Sample_492	239	241	196	200	227	233	177	177	227	227	261	273	126	138	182	190	190	194	141	141
consensus	Sample_5	239	239	196	196	233	233	175	177	227	239	245	289	128	128	182	198	-99	-99	121	121
consensus	Sample_50	-99	-99	-99	-99	227	227	175	177	227	229	-99	-99	126	134	190	190	-99	-99	121	121
consensus	Sample_51	241	241	196	196	231	233	175	175	213	231	263	273	122	128	190	194	-99	-99	121	141
consensus	Sample_52	241	241	194	196	227	233	175	175	219	221	273	277	134	134	190	198	160	190	121	121
consensus	Sample_53	241	241	196	196	233	233	173	173	221	235	245	277	126	128	182	190	-99	-99	141	141
consensus	Sample_54	239	241	196	196	233	233	177	177	213	227	263	273	128	128	190	190	164	164	121	121
consensus	Sample_56	241	241	196	196	227	233	173	181	219	231	245	273	128	134	190	198	190	190	119	141
consensus	Sample_57	241	241	200	200	227	227	179	181	213	219	245	263	122	122	182	190	-99	-99	119	141
consensus	Sample_59	-99	-99	-99	-99	-99	-99	-99	-99	231	231	-99	-99	138	138	190	198	-99	-99	121	121
consensus	Sample_60	241	241	194	196	227	227	173	181	213	213	-99	-99	138	138	182	182	-99	-99	121	141
consensus	Sample_61	241	241	196	196	233	233	161	173	213	223	273	277	122	122	190	198	-99	-99	121	141
consensus	Sample_62	239	241	196	196	229	233	173	173	213	213	273	277	122	122	182	190	-99	-99	121	121
consensus	Sample_63	239	241	196	196	229	233	173	173	213	213	273	277	122	134	182	190	182	182	121	121
consensus	Sample_64	241	241	196	200	229	229	175	175	219	227	277	277	122	138	190	190	-99	-99	121	121
consensus	Sample_65	241	241	196	200	233	233	161	171	219	223	273	289	128	128	182	190	-99	-99	121	141
consensus	Sample_66	241	241	196	196	233	233	161	173	213	223	-99	-99	122	122	-99	-99	174	174	121	141
consensus	Sample_67	239	239	194	196	229	231	175	175	213	227	-99	-99	122	144	190	190	190	190	121	121
consensus	Sample_69	239	241	196	196	229	233	173	173	213	213	273	277	122	134	182	190	190	190	121	121
consensus	Sample_7	-99	-99	196	196	-99	-99	175	175	-99	-99	-99	-99	122	126	182	190	-99	-99	121	141
consensus	Sample_72	239	241	196	196	233	233	177	177	227	231	245	273	128	128	190	198	182	190	121	141
consensus	Sample_73	239	241	196	196	229	233	161	161	219	231	273	277	122	128	182	190	-99	-99	121	121
consensus	Sample_77	-99	-99	194	196	229	229	161	177	231	231	273	277	138	138	190	190	164	190	121	141
consensus	Sample_79	241	241	196	200	229	229	175	175	219	227	-99	-99	122	138	190	190	190	198	121	121
consensus	Sample_8	-99	-99	-99	-99	-99	-99	-99	-99	-99	-99	-99	-99	122	138	190	190	160	160	121	121
consensus	Sample_81	241	241	196	196	233	233	161	177	219	227	245	245	126	126	190	190	164	164	121	141
consensus	Sample_82	241	241	196	202	231	231	175	177	231	235	263	273	122	122	182	190	-99	-99	141	141
consensus	Sample_83	239	241	196	196	233	233	177	177	227	231	245	273	128	128	190	198	-99	-99	121	141
consensus	Sample_84	239	241	194	196	229	229	-666	-666	231	239	273	277	138	138	190	190	164	190	121	141
consensus	Sample_85	241	241	196	202	231	231	175	177	231	235	263	273	122	122	182	190	-99	-99	141	141
consensus	Sample_86	239	241	194	196	229	229	161	175	231	239	273	277	138	138	190	190	164	164	121	141
consensus	Sample_88	-99	-99	196	198	227	227	175	177	213	231	245	245	122	126	194	198	182	190	121	141
consensus	Sample_89	241	241	196	196	233	233	177	177	219	223	245	273	128	128	190	190	-99	-99	121	141
consensus	Sample_9	-99	-99	-99	-99	-99	-99	-99	-99	-99	-99	-99	-99	-99	-99	-99	-99	-99	-99	-99	-99
consensus	Sample_90	-99	-99	-99	-99	-99	-99	-99	-99	-99	-99	-99	-99	-99	-99	-99	-99	-99	-99	-99	-99
consensus	Sample_91	239	241	196	196	233	233	177	177	223	227	-99	-99	128	138	190	190	174	174	121	141
consensus	Sample_92	239	241	196	196	227	227	175	181	213	219	255	255	138	138	182	190	-99	-99	119	141
consensus	Sample_93	-99	-99	194	196	-99	-99	175	177	213	227	273	277	134	138	182	190	178	182	121	121
consensus	Sample_94	239	241	196	200	-99	-99	175	177	219	219	269	269	122	128	182	190	-99	-99	121	129
consensus	Sample_96	239	239	196	196	231	233	177	177	213	235	277	277	126	126	190	194	-666	-666	121	141
consensus	Sample_97	239	239	196	198	233	233	177	177	227	235	277	281	126	128	190	190	-99	-99	121	141
consensus	Sample_99	241	241	196	200	229	229	175	177	219	219	269	277	122	128	182	190	-99	-99	121	121
