	ADCYC		BM6506		CELB9		CERVID1		ETH152		SBTD04		SBTD05		SBTD06		SBTD07		TGLA94	
S15-3164	239	239	196	196	229	239	173	177	217	223	255	277	126	126	190	194	-99	-99	121	141
S15-3175	-99	-99	194	196	229	229	173	173	223	223	263	263	126	130	190	194	-99	-99	121	141
S15-3176	239	241	194	196	229	233	173	173	223	223	-99	-99	126	130	190	194	-99	-99	121	141
S15-3177	239	239	194	196	239	239	173	177	217	217	255	273	126	126	182	190	-99	-99	121	141
S15-3185	239	241	196	196	233	233	173	173	217	223	277	285	126	128	190	190	-99	-99	141	141
S15-3186	239	239	198	198	233	233	177	177	223	225	255	277	110	126	182	190	-99	-99	141	141
S15-3187	239	241	194	200	241	241	173	173	217	217	267	267	126	128	194	194	190	194	121	121
S15-3188	239	241	194	196	233	239	177	177	217	219	261	273	122	126	190	190	186	186	141	141
S15-3189	239	241	194	196	233	233	177	177	217	219	263	273	110	126	190	190	182	182	121	141
S15-3192	239	241	196	196	229	237	177	177	217	219	261	273	126	134	190	198	174	174	121	121
S15-3193	239	241	196	198	229	237	177	177	219	219	261	273	126	134	182	194	-99	-99	121	141
S15-3194	239	241	196	198	233	237	173	177	217	219	261	261	128	134	182	190	182	186	121	141
S15-3195	-99	-99	196	196	233	233	173	173	217	219	-99	-99	122	126	190	194	-99	-99	121	121
S15-3196	239	241	196	196	229	233	177	177	217	223	261	261	128	128	182	190	164	186	121	141
S15-3197	239	239	196	200	229	229	177	177	217	219	261	261	126	128	190	198	186	186	121	121
S15-3198	239	239	196	196	229	233	173	177	217	217	261	267	126	134	190	202	186	194	121	121
S15-3199	241	241	196	196	229	237	177	177	217	219	261	273	126	134	190	198	-99	-99	121	121
S15-3200	239	239	196	198	229	233	177	177	219	219	261	263	128	128	190	194	182	186	121	141
S15-3201	239	239	194	198	229	231	-99	-99	221	223	261	263	122	128	182	190	-99	-99	121	121
S15-3202	239	239	196	200	229	229	177	177	219	219	-99	-99	126	134	194	198	-99	-99	121	121
S15-3203	-99	-99	196	198	237	237	-99	-99	217	217	261	261	128	128	182	190	-99	-99	121	141
S15-3204	239	239	196	196	229	233	173	177	217	219	261	267	126	134	190	202	-99	-99	121	121
S15-3205	239	241	196	198	233	237	173	177	217	219	261	261	128	134	182	190	-99	-99	121	141
S15-3206	239	239	194	198	229	231	-99	-99	221	223	261	263	122	128	182	190	-99	-99	121	121
S15-3207	239	241	196	196	229	237	177	177	217	219	261	273	126	134	190	198	182	186	121	121
S15-3208	239	241	194	196	233	233	173	173	217	235	263	267	126	134	190	194	170	170	121	141
S15-3209	239	241	196	196	229	233	177	177	217	223	261	261	128	128	182	190	164	164	121	141
S15-3210	239	241	196	198	229	229	173	173	215	223	261	277	126	126	182	194	190	190	141	141
S15-3211	239	241	196	196	231	241	177	177	217	223	261	285	126	130	182	194	190	190	121	141
S15-3212	239	241	194	196	231	239	173	177	217	223	-99	-99	126	130	-99	-99	-99	-99	121	141
S15-3213	239	241	194	196	231	239	173	177	223	223	273	285	126	130	182	190	-99	-99	121	121
S15-3214	239	241	196	198	229	229	173	173	215	217	273	285	126	134	182	194	-99	-99	121	129
S15-3216	239	241	196	196	237	237	181	181	223	239	273	285	128	130	190	190	164	164	141	141
S15-3217	239	241	198	198	229	229	177	179	219	219	-99	-99	130	134	190	190	-99	-99	129	141
S15-3218	239	241	196	196	229	229	181	181	223	225	267	273	130	130	190	202	-99	-99	141	141
S15-3219	239	241	196	196	229	237	173	173	225	239	267	273	126	126	194	194	178	194	129	141
S15-3220	239	241	196	196	231	241	177	177	217	223	261	285	126	130	182	194	-99	-99	121	141
S15-3221	239	241	194	194	239	241	173	177	215	223	261	285	126	130	182	194	206	206	121	141
S15-3223	239	241	194	196	231	239	173	177	223	223	273	285	126	130	182	190	-99	-99	121	121
S15-3225	239	239	196	196	229	239	177	177	217	223	277	285	130	134	190	202	194	194	121	141
S15-3226	239	239	196	196	229	239	177	177	217	223	277	285	130	134	190	202	-99	-99	121	141
S15-3227	239	241	196	196	231	241	177	177	217	223	261	285	126	130	182	194	-99	-99	121	141
S15-3228	239	241	194	196	231	239	173	177	223	223	273	285	126	130	182	190	-99	-99	121	121
S15-3229	239	241	196	196	231	241	177	177	217	223	261	285	126	130	182	194	-99	-99	121	141
S15-3230	239	241	198	202	229	229	173	177	217	239	-99	-99	126	130	194	194	-99	-99	141	141
S15-3231	241	241	194	198	229	229	177	177	217	217	263	273	126	130	190	194	194	194	121	141
S15-3233	-99	-99	194	196	231	239	173	177	223	223	273	285	126	130	182	190	-99	-99	121	121
S15-3234	239	241	196	198	229	229	173	173	215	223	261	277	126	126	182	194	190	194	141	141
S15-3235	239	241	194	196	231	231	173	173	217	239	273	285	134	138	190	190	182	198	141	141
S15-3236	239	241	194	196	231	239	173	177	223	223	273	285	126	130	182	190	-99	-99	121	121
S15-3237	239	241	194	196	231	231	173	173	217	239	273	285	134	138	190	190	182	198	141	141
S15-3238	239	241	194	194	239	241	173	177	215	223	261	261	126	130	182	194	-99	-99	121	141
S15-3239	239	241	196	198	229	229	173	173	215	217	273	285	126	134	182	194	194	198	121	129
S15-3240	239	241	196	198	229	229	173	173	215	217	273	285	126	134	182	194	194	198	121	129
S16-0089	239	239	-99	-99	-99	-99	173	173	-99	-99	261	261	126	134	190	190	186	186	121	121
S16-0091	239	239	194	198	229	231	-99	-99	-99	-99	261	263	122	128	182	190	186	194	121	121
S16-0092	239	239	196	198	229	233	177	177	219	219	261	263	126	128	190	194	182	186	121	141
S16-0093	239	241	196	198	229	233	173	177	217	219	261	273	126	130	190	190	190	194	141	141
S16-0094	239	239	194	198	229	231	-99	-99	221	223	261	263	122	128	182	190	186	194	121	121
S16-0095	239	241	196	196	229	233	177	177	217	223	261	261	128	128	182	190	164	186	121	141
S16-0096	241	241	196	196	227	227	177	177	217	227	-99	-99	130	134	182	182	194	194	141	141
S16-0097	-99	-99	196	196	227	227	-99	-99	217	217	-99	-99	130	134	182	182	194	194	141	141
S16-0098	241	241	196	198	229	229	-99	-99	219	219	261	273	126	130	190	190	-99	-99	141	141
S16-0099	239	241	196	196	229	233	177	177	217	223	261	261	128	128	182	190	164	186	121	141
S16-0100	241	241	196	196	227	227	177	181	217	217	261	261	130	134	182	194	194	194	141	141
S16-0101	239	241	194	198	233	233	175	181	215	219	261	277	126	130	190	194	186	198	141	141
S16-0102	239	239	198	198	227	227	173	177	217	217	267	267	126	134	190	190	186	186	121	121
S16-0104	239	241	196	198	229	233	173	177	217	219	261	273	126	130	190	190	190	194	141	141
S16-0105	241	241	196	196	227	227	177	181	217	227	261	273	130	134	182	194	194	194	141	141
S16-0107	-99	-99	196	198	229	233	177	177	217	217	273	273	126	130	190	190	186	186	121	141
S16-0109	-99	-99	196	196	229	229	171	171	217	217	-99	-99	126	134	-99	-99	-99	-99	121	121
S16-0111	239	239	-99	-99	229	229	177	177	217	219	-99	-99	126	128	194	194	190	194	141	141
S16-0112	241	241	196	196	227	227	177	181	217	227	273	285	130	134	182	194	194	194	141	141
S16-0114	239	241	194	196	229	231	-99	-99	217	219	267	267	126	126	182	194	190	194	121	141
S16-0115	239	241	196	198	229	229	173	173	215	223	261	277	126	126	182	194	190	194	141	141
S16-0117	239	239	196	196	229	239	177	177	217	223	277	285	130	134	190	202	194	198	121	141
S16-0118	239	241	194	196	237	239	177	177	223	239	273	273	126	134	182	202	190	194	121	141
S16-0119	239	241	196	196	231	241	177	177	217	223	261	285	126	130	182	194	190	194	121	141
S16-0120	-99	-99	196	196	227	227	-99	-99	217	217	255	255	128	134	194	194	194	194	141	141
S16-0121	241	241	198	202	229	229	173	173	223	239	261	261	126	130	182	194	186	194	129	129
S16-0122	239	241	194	196	231	239	173	177	223	223	273	285	126	130	182	190	190	194	121	121
S16-0123	239	239	196	196	229	239	177	177	217	223	277	277	130	134	190	202	194	198	121	141
S16-0124	239	241	196	196	231	241	177	177	217	223	261	285	126	130	182	194	190	194	121	141
S16-0125	241	241	194	196	229	237	173	173	223	225	277	285	128	138	190	194	194	194	121	141
S16-0126	239	241	194	194	239	241	173	177	215	223	261	285	126	130	182	194	190	194	121	141
S16-0127	241	241	196	196	233	235	173	177	215	215	277	285	130	130	190	190	170	186	121	141
S16-0128	239	241	194	196	235	235	173	173	225	239	277	285	126	130	190	190	186	186	121	141
S16-0129	239	239	196	196	229	233	173	181	217	225	267	267	126	130	182	190	186	194	129	141
S16-0130	241	241	194	196	229	237	173	173	223	225	285	285	128	138	190	194	194	194	121	141
S16-0131	239	241	194	196	233	237	173	173	219	223	261	277	126	128	194	202	190	194	121	121
S16-0132	239	241	194	196	233	237	173	173	219	223	261	277	126	128	194	202	190	194	121	121
S16-0133	239	239	196	196	229	233	173	181	217	225	267	267	126	130	182	190	186	194	129	141
S16-0134	239	239	196	196	229	233	173	173	217	217	267	267	126	130	182	190	186	194	129	141
S16-0135	241	241	196	196	233	235	173	177	215	215	277	285	130	130	190	190	170	186	121	141
S16-0136	239	241	194	196	233	237	173	173	219	223	277	277	126	128	194	202	190	194	121	141
S16-0137	241	241	196	196	233	235	173	177	215	225	277	285	130	130	190	190	170	186	121	141
S16-0138	241	241	194	196	229	237	173	173	223	225	277	285	128	138	190	194	194	194	121	141
S16-0139	239	241	194	196	233	237	173	173	223	225	261	277	128	138	190	194	190	194	121	141
S16-0140	239	239	196	196	239	239	177	177	-99	-99	-99	-99	130	130	182	182	186	186	121	141
S16-0141	241	241	200	200	231	231	173	173	223	225	261	267	134	138	182	194	170	194	121	141
S16-0142	241	241	196	196	233	235	173	177	215	225	277	285	130	130	190	190	170	186	121	141
S16-0143	239	239	194	196	233	233	173	173	223	223	273	285	126	130	194	194	170	194	121	121
S16-0144	-99	-99	196	196	-99	-99	173	173	223	225	-99	-99	128	138	190	194	194	194	121	141
S16-0145	239	239	196	196	237	237	173	177	217	239	273	277	134	138	182	202	186	194	121	141
S16-0148	239	241	194	196	233	237	173	173	219	219	261	277	126	128	194	202	190	190	121	121
S16-0149	241	241	196	196	233	235	173	177	215	225	277	285	130	130	190	190	170	186	121	141
S16-0150	-99	-99	196	196	231	231	179	179	-99	-99	255	267	126	128	190	194	190	194	121	141
S16-0151	239	239	194	194	229	233	173	177	225	235	267	273	126	134	190	194	190	190	121	141
S16-0152	239	239	196	196	233	233	173	173	217	217	261	285	130	134	198	202	170	198	141	141
S16-0154	239	241	194	198	233	233	173	177	217	239	255	277	128	128	182	190	194	198	141	141
S16-0155	239	239	196	200	233	233	173	177	215	217	255	285	122	130	190	190	170	186	141	141
S16-0156	239	241	194	196	229	229	173	181	217	217	267	277	126	134	182	194	190	190	121	141
S16-0157	239	241	194	196	231	233	173	181	217	217	263	267	126	128	194	198	190	190	121	121
S16-0158	239	241	194	196	231	233	179	181	217	219	255	267	126	128	190	194	190	194	121	141
S16-0159	-99	-99	194	194	233	233	181	181	-99	-99	255	255	128	134	190	190	194	194	141	141
S16-0160	241	241	194	198	-99	-99	173	173	-99	-99	255	277	128	138	190	190	-99	-99	141	141
S16-0161	239	241	196	196	229	231	177	181	219	219	267	273	126	138	190	190	190	190	121	141
S16-0162	239	241	196	196	229	231	177	181	219	219	267	273	126	138	190	190	190	190	121	141
S16-0163	239	239	194	194	-99	-99	173	173	217	217	273	273	126	134	190	194	190	190	121	141
S16-0164	241	241	198	198	229	237	173	173	219	219	273	285	126	130	182	182	182	190	121	141
S16-0165	239	239	194	196	229	229	177	181	215	217	255	277	126	126	194	194	190	190	121	121
S16-0166	239	239	196	200	233	233	173	177	215	217	255	285	122	130	190	190	170	170	141	141
S16-0168	-99	-99	194	194	229	229	173	181	215	217	-99	-99	126	126	182	194	-99	-99	121	141
S16-0169	239	241	196	200	229	237	177	177	225	225	273	273	130	134	190	198	194	194	121	141
S16-0170	239	241	196	196	229	231	177	181	219	219	267	273	126	138	190	190	-99	-99	121	141
S16-0171	239	239	196	200	233	233	173	177	215	217	255	285	122	130	190	190	-99	-99	141	141
S16-0172	239	239	196	200	233	233	173	177	215	217	255	285	122	130	190	190	170	170	141	141
S16-0173	239	239	196	198	233	233	173	173	217	225	267	285	128	128	190	194	-99	-99	121	121
S16-0174	239	241	194	202	233	233	173	173	219	223	263	267	130	130	190	194	-99	-99	121	141
S16-0175	239	239	196	196	229	233	173	173	217	219	263	285	126	134	190	194	186	186	121	141
S16-0176	239	241	194	196	229	229	181	181	217	225	273	273	110	126	190	194	190	194	121	129
S16-0177	239	241	194	196	229	229	181	181	217	225	273	273	110	126	190	194	-99	-99	121	129
S16-0179	239	239	194	194	237	237	177	177	219	219	267	273	126	126	194	194	-99	-99	121	121
S16-0180	239	239	194	194	237	237	173	173	217	223	267	273	134	134	190	194	-99	-99	141	141
S16-0183	239	239	196	198	229	229	175	181	217	239	267	267	110	126	194	202	-99	-99	141	141
S16-0184	239	239	194	194	-99	-99	173	173	217	223	-99	-99	134	134	190	194	-99	-99	141	141
S16-0185	239	239	194	194	237	237	177	177	219	219	267	273	126	126	194	194	-99	-99	121	121
S16-0186	239	241	194	196	229	229	173	173	223	225	263	273	126	128	190	194	-99	-99	121	141
S16-0187	239	239	196	198	229	233	181	181	217	219	-99	-99	126	128	190	194	-99	-99	121	141
S16-0188	241	241	196	196	229	229	177	177	223	225	267	267	110	128	190	190	-99	-99	121	141
S16-0189	239	239	196	196	233	233	173	175	217	217	277	285	126	126	194	198	-99	-99	141	141
S16-0190	239	239	196	196	233	233	173	175	217	217	285	285	126	126	194	198	-99	-99	141	141
S16-0192	239	241	194	196	229	229	173	173	225	225	263	273	126	128	190	194	-99	-99	121	141
S16-0193	239	239	196	198	233	233	177	181	217	219	255	285	126	126	190	194	-99	-99	121	141
S16-0194	241	241	196	198	229	233	173	175	217	219	267	285	126	126	194	194	-99	-99	121	141
S16-0195	239	239	196	196	233	237	-99	-99	217	223	273	273	126	134	182	198	-99	-99	141	141
S16-0199	239	241	194	196	229	229	181	181	217	225	273	273	110	126	190	194	-99	-99	121	129
S16-0200	239	241	194	196	229	229	181	181	217	225	273	273	110	126	190	194	-99	-99	121	129
S16-0201	239	241	194	198	229	237	177	181	223	223	261	267	126	126	190	194	-99	-99	141	141
S16-0202	239	239	194	200	241	241	177	181	217	223	255	255	126	134	190	198	190	190	121	141
S16-0204	241	241	194	196	229	229	181	181	217	223	263	267	126	128	190	190	-99	-99	121	141
S16-0205	239	239	196	198	229	229	175	181	217	239	267	267	110	126	194	202	-99	-99	141	141
S16-0206	241	241	194	194	229	237	173	177	217	219	261	263	110	126	190	194	-99	-99	121	141
S16-0207	239	241	194	198	229	237	177	181	223	223	261	267	126	126	190	194	-99	-99	141	141
S16-0208	239	239	194	194	-99	-99	173	173	217	223	-99	-99	134	134	190	194	-99	-99	141	141
S16-0209	239	239	196	198	229	229	175	181	217	239	267	267	110	126	194	202	-99	-99	141	141
S16-0210	241	241	194	194	229	237	173	173	217	219	263	263	110	126	190	194	-99	-99	121	141
S16-0211	239	241	196	198	229	229	181	181	223	239	263	263	110	126	190	202	-99	-99	121	141
S16-0212	239	239	194	194	237	237	173	173	217	223	-99	-99	134	134	190	194	-99	-99	141	141
S16-0213	239	239	194	196	233	233	173	175	217	217	277	277	126	126	194	198	-99	-99	141	141
S16-0214	239	241	196	196	229	229	179	179	217	219	277	277	126	128	190	198	-99	-99	121	141
S16-0215	239	239	196	196	233	233	173	175	217	217	277	285	126	126	194	198	-99	-99	141	141
S16-0216	239	239	196	198	229	229	181	181	217	223	273	273	126	134	190	198	-99	-99	121	121
S16-0217	239	239	194	196	229	233	179	181	223	225	263	273	126	126	194	194	186	186	121	141
S16-0218	241	241	194	194	-99	-99	177	177	217	223	-99	-99	126	126	190	194	-99	-99	121	141
S16-0219	239	239	196	196	229	229	175	177	217	223	267	273	126	126	194	198	-99	-99	121	121
S16-0222	241	241	194	194	-99	-99	173	177	219	219	273	273	126	126	182	190	-99	-99	121	141
S16-0223	239	239	196	200	229	229	173	173	217	223	261	273	126	130	194	194	-99	-99	121	141
S16-0224	239	241	196	198	231	231	177	177	219	225	255	269	126	134	190	190	-99	-99	141	141
S16-0225	241	241	196	198	231	231	177	177	219	225	255	269	126	134	190	190	-99	-99	141	141
S16-0226	-99	-99	194	194	231	231	173	181	215	219	-99	-99	134	134	194	194	-99	-99	121	121
S16-0227	241	241	194	200	233	233	181	181	217	227	261	261	128	134	194	194	-99	-99	129	141
S16-0228	241	241	194	194	231	231	173	181	215	219	267	267	134	134	194	194	-99	-99	121	121
S16-0229	239	241	194	198	233	235	173	181	219	239	261	285	126	134	194	194	-99	-99	121	141
S16-0230	239	241	194	198	233	235	173	181	219	239	261	285	126	134	194	194	-99	-99	121	141
S16-0231	239	241	196	198	231	231	177	177	219	225	255	269	126	134	190	190	-99	-99	141	141
S16-0232	239	241	196	198	231	231	177	177	219	225	255	269	126	134	190	190	-99	-99	141	141
S16-0233	241	241	194	200	233	233	181	181	217	227	261	261	128	134	194	194	-99	-99	129	141
S16-0235	241	241	196	200	231	231	173	181	219	239	269	273	128	130	194	194	198	198	121	121
S16-0236	241	241	196	200	231	231	173	181	219	239	269	273	128	130	194	194	198	198	121	121
S16-0237	241	241	196	200	231	231	173	181	219	239	269	273	128	130	194	194	198	198	121	121
S16-0238	241	241	194	200	233	233	181	181	217	227	261	261	128	134	194	194	186	186	129	141
S16-0239	241	241	194	200	233	233	181	181	217	227	261	261	128	134	194	194	-99	-99	129	141
S16-0240	241	241	194	194	231	231	173	181	215	219	267	267	134	134	194	194	-99	-99	121	121
S16-0241	241	241	194	200	233	233	181	181	217	227	261	261	128	134	194	194	-99	-99	129	141
S16-0242	241	241	196	198	-99	-99	177	177	219	225	255	255	126	134	190	190	-99	-99	141	141
S16-0243	241	241	196	198	-99	-99	177	177	219	225	-99	-99	126	126	190	190	-99	-99	141	141
S16-0245	239	239	196	198	-99	-99	177	177	219	219	-99	-99	126	134	190	190	-99	-99	141	141
S16-0246	241	241	194	200	233	233	181	181	217	227	261	261	128	134	194	194	-99	-99	129	141
S16-0247	241	241	196	198	231	231	177	177	219	225	255	255	126	134	190	190	-99	-99	141	141
S16-0248	239	241	196	198	231	231	177	177	219	225	255	269	126	134	190	190	-99	-99	141	141
S16-0249	241	241	194	194	231	231	173	181	215	219	267	267	134	134	194	194	-99	-99	121	121
S16-0250	239	241	198	198	229	239	173	173	215	219	255	255	126	134	194	194	190	190	129	141
S16-0251	239	241	198	198	229	229	171	173	215	219	255	255	126	134	194	194	-99	-99	129	141
S16-0252	239	241	198	198	229	239	173	173	215	219	255	255	126	134	194	194	-99	-99	129	141
S16-0253	239	241	194	198	237	239	-99	-99	215	235	255	267	130	134	190	194	-99	-99	121	129
S16-0254	241	241	194	194	231	231	173	181	215	219	267	267	134	134	194	194	174	174	121	121
S16-0255	239	239	194	200	-99	-99	177	177	-99	-99	261	261	128	128	190	194	-99	-99	121	141
S16-0256	239	241	196	196	229	229	177	181	217	225	273	273	126	134	182	190	-99	-99	121	141
S16-0257	239	239	194	196	229	229	-99	-99	217	225	267	285	128	128	190	194	-99	-99	141	141
S16-0258	239	239	194	196	229	229	-99	-99	217	225	267	285	128	128	190	194	-99	-99	141	141
S16-0259	239	239	194	196	229	229	-99	-99	217	225	267	285	128	128	190	194	-99	-99	141	141
S16-0261	239	239	194	196	233	233	173	173	215	219	261	267	126	130	182	190	186	186	141	141
S16-0262	239	239	194	196	229	229	-99	-99	217	225	267	285	126	128	190	194	190	194	141	141
S16-0263	239	239	198	198	231	231	177	177	217	219	273	273	122	134	190	194	186	186	121	141
S16-0267	241	241	194	194	229	229	177	177	217	219	263	285	126	126	190	190	170	170	121	141
S16-0268	241	241	194	194	229	229	177	177	217	219	263	285	126	126	190	190	170	170	121	141
S16-0269	239	241	194	196	229	237	173	177	217	219	267	281	126	128	190	194	190	194	121	141
S16-0270	239	239	196	198	229	229	173	173	217	217	261	273	126	128	190	198	170	194	141	141
S16-0271	241	241	194	194	229	229	177	177	217	219	263	285	126	126	190	190	170	170	121	141
S16-0272	241	241	194	194	229	229	177	177	217	219	263	285	126	126	190	190	170	170	121	141
S16-0273	241	241	196	196	229	229	177	181	217	217	273	273	126	134	182	190	170	194	121	141
S16-0274	241	241	196	196	229	229	177	181	217	217	273	273	126	134	182	190	170	194	121	141
S16-0275	241	241	194	194	229	229	177	177	217	217	263	263	126	126	190	190	170	170	121	141
S16-0276	241	241	194	194	229	229	177	177	217	219	263	285	126	126	190	190	170	170	121	141
S16-0277	241	241	196	196	229	229	177	181	217	217	273	273	126	134	182	190	170	194	121	141
S16-0278	239	241	194	196	229	237	173	177	217	219	267	281	126	128	190	194	190	190	121	141
S16-0279	241	241	194	194	229	229	177	177	217	219	263	285	126	126	190	190	170	170	121	141
S16-0280	241	241	194	194	229	229	177	177	217	219	263	285	126	126	190	190	170	170	121	141
S16-0281	239	241	194	196	229	237	173	177	217	219	267	281	126	128	190	194	190	194	121	141
S16-0282	239	241	194	194	229	237	173	177	217	219	267	281	126	128	190	194	-99	-99	121	141
S16-0283	239	239	196	196	237	237	177	181	217	221	263	267	130	130	182	190	194	194	141	141
S16-0284	241	241	194	194	229	229	177	177	217	219	263	285	126	126	190	190	170	174	121	141
S16-0285	239	239	196	196	237	237	177	181	217	221	263	267	130	130	182	190	194	194	141	141
S16-0286	241	241	194	194	229	229	177	177	217	219	263	285	126	126	190	190	170	170	121	141
S16-0287	239	241	194	196	229	237	173	177	217	219	267	281	126	128	190	194	190	194	121	141
S16-0288	239	241	194	196	229	237	173	177	217	219	267	267	126	128	190	194	190	194	121	141
S16-0289	241	241	194	194	229	237	-99	-99	217	217	263	267	126	138	190	194	170	170	121	141
S16-0290	241	241	194	194	229	237	-99	-99	217	217	263	267	126	138	190	194	170	170	121	141
S16-0294	241	241	196	196	229	229	177	181	217	217	273	273	126	134	182	190	170	170	121	141
S16-0295	239	239	194	196	229	229	-99	-99	217	225	267	285	128	128	190	194	194	194	141	141
S16-0296	239	239	194	196	229	229	-99	-99	217	225	267	285	128	128	190	194	190	194	141	141
S16-0297	239	239	194	196	233	233	173	173	215	219	261	267	126	130	182	190	186	186	141	141
S16-0298	241	241	196	196	229	229	177	181	217	217	273	273	126	134	182	190	170	194	121	141
S16-0299	241	241	196	196	229	229	177	181	217	217	273	273	126	134	182	190	170	194	121	141
S16-0300	241	241	196	196	229	229	177	181	217	217	273	273	126	134	182	190	170	194	121	141
S16-0301	239	239	196	198	231	231	177	177	217	219	263	273	122	134	190	194	194	198	121	141
S16-0303	241	241	194	194	229	237	-99	-99	217	217	263	267	126	138	190	194	170	170	121	141
S16-0304	241	241	-99	-99	229	237	173	177	217	219	267	281	126	128	190	190	190	194	121	141
S16-0305	241	241	194	194	229	229	177	177	217	219	263	285	126	126	190	190	170	170	121	141
S16-0306	239	239	196	196	237	237	177	181	217	221	263	267	130	130	182	190	194	194	141	141
S16-0307	241	241	194	194	229	229	177	177	217	219	263	285	126	126	190	190	170	170	121	141
S16-0308	239	239	196	198	231	231	177	177	217	219	263	273	122	134	190	194	194	198	121	141
S16-0309	239	241	194	196	229	237	173	177	217	219	267	281	126	128	190	194	190	194	121	141
S16-0310	239	239	194	194	237	237	173	177	217	217	267	281	126	128	190	194	194	194	121	141
S16-0311	241	241	196	196	229	229	177	181	217	217	273	273	126	134	182	190	170	170	121	141
S16-0312	241	241	194	194	229	237	-99	-99	217	217	263	267	126	138	190	194	170	170	121	141
S16-0313	241	241	194	198	229	229	173	177	217	217	267	285	126	126	190	190	170	194	141	141
S16-0314	239	239	194	196	229	229	-99	-99	217	225	267	285	128	128	190	194	190	194	141	141
S16-0318	239	241	196	196	229	229	177	177	217	219	261	285	128	134	194	194	-99	-99	121	141
S16-0319	239	239	194	196	229	229	-99	-99	217	225	267	285	128	128	190	194	190	194	141	141
S16-0320	-99	-99	194	196	229	229	-99	-99	225	225	285	285	128	128	190	194	190	190	141	141
S16-0321	239	239	194	196	229	229	-99	-99	217	225	267	285	128	128	190	194	190	194	141	141
S16-0322	239	239	194	196	229	229	-99	-99	217	225	267	285	126	128	190	194	190	190	141	141
S16-0324	241	241	196	196	229	229	177	181	217	217	273	273	126	134	182	190	170	170	121	141
S16-0325	241	241	194	194	229	229	177	177	217	219	263	285	126	126	190	190	170	170	121	141
S16-0326	239	239	196	198	229	229	173	173	217	217	261	273	126	128	190	198	170	194	141	141
S16-0327	-99	-99	194	196	229	229	173	173	217	219	-99	-99	126	128	190	194	-99	-99	121	141
S16-0328	241	241	194	194	229	237	-99	-99	217	217	263	267	126	138	190	194	170	170	121	141
S16-0329	239	239	196	198	231	231	177	177	217	219	263	273	122	134	190	194	194	198	121	141
S16-0330	241	241	196	196	229	229	177	181	217	217	273	273	126	134	182	190	170	194	121	141
S16-0331	239	241	194	196	229	237	173	177	217	219	267	281	126	128	190	194	190	194	121	141
S16-0332	241	241	194	194	229	229	177	177	217	219	263	285	126	126	190	190	170	170	121	141
S16-0333	239	239	194	196	235	235	177	181	217	219	261	273	122	126	190	194	170	194	121	141
S16-0335	239	239	194	196	229	229	-99	-99	217	225	267	285	128	128	190	194	190	194	141	141
S16-0336	239	239	194	196	229	229	-99	-99	217	225	267	285	126	128	190	194	190	194	141	141
S16-0337	239	239	194	196	233	233	173	173	215	219	261	267	126	130	182	190	186	186	141	141
S16-0338	241	241	196	196	229	229	177	181	217	217	273	273	126	134	182	190	170	194	121	141
S16-0339	239	239	194	196	229	229	-99	-99	-99	-99	267	285	128	128	190	194	190	190	141	141
S16-0340	239	239	196	196	237	237	177	181	217	221	263	267	130	130	182	190	194	194	141	141
S16-0341	239	239	196	198	231	231	177	177	217	219	263	273	122	134	190	194	194	198	121	141
S16-0342	239	241	196	196	231	237	177	179	217	219	273	285	126	130	182	198	170	186	121	141
S16-0345	239	241	194	196	229	229	179	179	217	225	273	277	126	126	194	198	186	186	121	141
S16-0346	241	241	196	196	229	231	179	179	223	225	273	273	126	130	190	198	186	186	141	141
S16-0350	241	241	194	196	233	237	-99	-99	217	235	255	267	126	126	194	194	164	186	141	141
S16-0352	239	241	194	202	231	231	177	177	219	223	269	273	128	130	190	194	194	194	121	141
S16-0353	239	239	194	196	237	237	177	177	217	223	285	285	126	134	190	190	186	186	121	121
S16-0354	241	241	196	196	237	237	173	179	-99	-99	285	285	126	126	190	198	186	190	141	141
S16-0357	239	239	196	198	231	237	-99	-99	217	217	-99	-99	128	128	190	202	-99	-99	121	141
S16-0358	239	241	194	196	237	239	173	173	217	219	267	273	128	134	194	194	164	164	121	141
S16-0359	239	239	196	196	237	237	-99	-99	217	217	267	273	128	128	194	194	164	164	121	141
S16-0360	239	241	194	196	229	229	-99	-99	217	219	277	277	126	128	194	194	164	164	121	141
S16-0361	239	239	196	196	237	237	171	171	217	217	267	273	128	128	194	194	164	164	121	141
S16-0362	241	241	194	194	237	237	171	177	217	223	261	273	126	126	182	194	-99	-99	141	141
S16-0363	239	239	194	198	229	229	-99	-99	219	219	267	285	126	126	190	194	-99	-99	121	141
S16-0365	239	239	194	200	229	229	173	175	219	223	273	285	128	138	190	190	-99	-99	121	141
S16-0367	239	241	196	198	229	229	173	173	217	221	261	263	122	126	182	194	170	170	121	141
S16-0370	-99	-99	198	198	237	237	171	173	217	217	-99	-99	128	128	194	194	-99	-99	121	141
S16-0374	241	241	194	198	237	237	173	177	217	219	255	285	128	128	182	182	-99	-99	121	141
S16-0375	241	241	194	194	237	237	177	177	217	223	261	273	126	134	182	194	164	164	141	141
S16-0376	239	239	196	198	229	229	173	181	217	219	-99	-99	128	128	194	194	164	164	141	141
S16-0377	239	241	196	196	235	241	173	173	217	219	263	273	126	134	194	194	164	164	141	141
S16-0378	239	239	194	200	229	229	173	175	219	223	273	285	128	138	190	190	-99	-99	121	141
S16-0381	239	241	196	196	229	237	173	181	219	219	263	267	126	126	190	194	-99	-99	141	141
S16-0382	239	239	194	196	229	229	173	177	219	235	267	277	122	122	190	194	164	164	121	141
S16-0383	239	239	196	196	229	235	177	179	219	235	261	267	122	126	182	194	164	164	121	141
S16-0386	239	239	196	196	229	235	177	179	219	235	261	267	122	126	182	194	164	164	121	141
S16-0388	239	239	200	200	229	229	173	175	219	223	-99	-99	128	138	190	190	-99	-99	121	141
S16-0389	241	241	194	198	237	237	173	177	217	219	255	285	128	128	182	182	190	194	121	141
S16-0390	412	412	981	941	372	372	771	731	192	172	852	552	281	281	821	821	-99	-99	411	211
S16-0391	-99	-99	981	961	372	292	771	731	-99	-99	-99	-99	381	301	941	901	701	641	411	211
S16-0392	392	392	961	961	-99	-99	791	771	-99	-99	-99	-99	-99	-99	941	821	-99	-99	411	211
S16-0393	412	412	961	961	372	292	811	731	192	192	672	632	261	261	941	901	981	981	411	411
S16-0394	392	392	961	961	352	292	791	771	352	192	672	612	-99	-99	941	821	641	641	411	211
S16-0395	412	412	-99	-99	372	372	771	731	-99	-99	552	552	281	281	821	821	-99	-99	411	211
S16-0398	392	392	961	941	292	292	731	731	-99	-99	-99	-99	261	261	941	941	-99	-99	411	211
S16-0399	412	412	941	941	372	372	771	771	-99	-99	-99	-99	261	261	-99	-99	-99	-99	411	411
S16-0401	412	412	961	961	-99	-99	811	731	192	192	-99	-99	261	261	941	901	-99	-99	411	411
S16-0407	412	412	-99	-99	352	352	731	731	192	192	732	732	301	301	941	821	641	641	411	211
S16-0411	-99	-99	961	941	292	292	731	731	352	192	-99	-99	261	261	941	901	-99	-99	411	291
S16-0414	392	392	961	961	292	292	731	731	-99	-99	772	772	381	381	-99	-99	-99	-99	411	211
S16-0416	392	392	-99	-99	-99	-99	771	731	-99	-99	-99	-99	261	261	941	941	-99	-99	411	411
S16-0417	392	392	961	941	352	292	-99	-99	192	172	732	732	-99	-99	901	901	-99	-99	411	211
S16-0418	392	392	-99	-99	-99	-99	711	711	-99	-99	732	732	281	281	901	901	-99	-99	411	211
S16-0421	392	392	961	961	412	352	771	731	232	172	-99	-99	-99	-99	941	941	-99	-99	411	411
S16-0422	392	392	961	961	352	292	791	771	352	192	672	612	261	221	941	821	641	641	411	211
S16-0423	-99	-99	961	961	292	292	811	731	-99	-99	612	612	-99	-99	941	821	-99	-99	411	211
S16-0425	392	392	961	941	372	372	731	731	192	192	852	732	-99	-99	981	901	-99	-99	411	211
S16-0427	392	392	-99	-99	292	292	-99	-99	192	192	-99	-99	261	261	941	901	-99	-99	411	211
S16-0428	392	392	961	961	412	352	731	731	-99	-99	632	632	-99	-99	941	941	641	641	411	411
S16-0429	-99	-99	961	961	372	372	751	751	192	192	-99	-99	281	281	941	901	-99	-99	411	291
S16-0430	392	392	-99	-99	372	292	-99	-99	-99	-99	-99	-99	-99	-99	941	941	-99	-99	411	211
S16-0432	412	412	961	961	292	292	731	731	192	192	672	632	-99	-99	901	901	-99	-99	411	211
S16-0433	412	412	961	961	292	292	731	731	192	192	672	632	-99	-99	901	901	981	941	411	211
S16-0434	-99	-99	-99	-99	-99	-99	-99	-99	-99	-99	672	672	-99	-99	-99	-99	-99	-99	411	211
S16-0435	412	412	961	961	372	372	751	751	192	192	-99	-99	-99	-99	941	901	-99	-99	411	291
S16-0436	392	392	961	941	372	372	731	731	192	192	852	732	381	301	981	901	861	641	411	211
S16-0437	392	392	961	941	-99	-99	751	731	192	192	-99	-99	-99	-99	941	901	-99	-99	411	291
S16-0438	-99	-99	961	961	-99	-99	751	751	192	192	-99	-99	281	281	941	901	220	22	411	291
S16-0441	412	392	961	961	412	352	731	731	-99	-99	632	632	341	261	941	941	-99	-99	411	411
S16-0446	412	392	981	961	292	292	811	731	192	172	732	672	281	281	941	941	641	641	411	411
S16-0447	412	412	961	961	372	292	811	731	192	192	672	632	261	261	941	901	-99	-99	411	411
S16-0448	392	392	-99	-99	292	292	731	731	172	172	-99	-99	281	261	-99	-99	-99	-99	-99	-99
S16-0449	-99	-99	-99	-99	292	292	731	731	-99	-99	-99	-99	-99	-99	-99	-99	641	641	-99	-99
S16-0450	412	412	961	961	292	292	751	751	192	172	852	732	281	281	941	941	-99	-99	411	211
S16-0451	412	392	961	961	292	292	-99	-99	172	172	-99	-99	281	281	941	821	-99	-99	411	411
S16-0454	392	392	961	941	372	372	731	731	192	192	852	732	381	301	981	901	861	641	411	211
S16-0455	392	392	961	961	412	352	771	731	232	172	-99	-99	341	261	941	941	641	641	411	411
S16-0456	412	412	961	961	372	372	751	751	192	192	-99	-99	341	281	941	901	981	981	411	291
S16-0457	392	392	961	941	352	292	-99	-99	192	172	732	732	341	281	901	901	641	641	411	211
S16-0458	412	412	961	961	292	292	731	731	192	192	672	632	301	281	901	901	981	941	411	211
S16-0459	412	392	961	961	292	292	811	731	192	172	612	612	261	221	941	821	981	641	411	211
S16-0462	392	392	941	941	-99	-99	731	731	-99	-99	632	552	-99	-99	941	941	-99	-99	411	211
S16-0463	392	392	981	941	-99	-99	731	731	352	172	772	632	261	261	981	901	941	641	411	291
S16-0464	412	392	981	961	372	292	771	731	-99	-99	772	672	381	301	941	901	-99	-99	411	211
S16-0465	392	392	981	961	352	292	771	731	352	232	772	672	261	261	941	941	981	861	411	411
S16-0466	392	392	961	961	372	352	-99	-99	352	172	672	552	301	261	941	941	861	861	411	411
S16-0467	392	392	961	941	292	292	731	731	252	172	632	552	261	261	941	941	981	901	411	211
S16-0468	392	392	961	941	372	352	731	731	352	192	732	672	261	261	981	941	861	641	411	411
S16-0471	412	412	961	961	372	372	751	751	192	192	732	732	341	281	941	901	-99	-99	411	291
S16-0472	392	392	961	961	292	292	731	731	352	212	772	772	381	261	941	821	981	701	411	211
S16-0473	392	392	961	961	292	292	731	731	352	212	772	772	381	261	941	821	981	701	411	211
S16-0474	392	392	981	961	352	292	771	731	352	232	772	672	261	261	941	941	981	861	411	411
S16-0475	412	392	981	961	292	292	731	731	352	172	672	552	341	301	941	901	-99	-99	291	211
S16-0476	412	392	981	961	292	292	731	731	352	172	672	552	341	301	941	901	-99	-99	291	211
S16-0479	239	239	194	196	229	237	175	175	217	219	277	285	126	126	182	194	170	198	121	141
S16-0480	241	241	194	196	229	237	177	177	219	239	267	277	128	128	190	194	190	190	141	141
S16-0481	239	239	196	196	229	237	-99	-99	217	217	277	285	126	130	182	194	170	198	121	141
S16-0482	239	241	196	196	229	237	173	177	217	219	277	285	126	138	194	194	-99	-99	121	129
S16-0483	239	239	196	196	229	237	-99	-99	217	217	277	285	126	130	182	194	170	170	121	141
S16-0484	239	239	196	198	229	229	177	177	217	217	263	267	126	130	182	182	170	190	121	141
S16-0485	239	239	196	198	229	237	177	177	217	219	267	277	128	128	182	194	190	190	121	141
S16-0486	239	241	196	196	237	237	177	177	217	217	277	285	126	126	190	194	170	170	121	141
S16-0488	239	239	196	196	229	237	-99	-99	217	217	277	285	126	130	182	194	170	170	121	141
S16-0489	239	241	196	196	237	237	175	177	219	219	277	277	126	126	190	190	-99	-99	121	121
S16-0490	239	241	196	196	229	229	173	173	217	219	-99	-99	-99	-99	182	198	-99	-99	121	141
S16-0491	239	239	196	196	229	237	-99	-99	217	217	-99	-99	126	130	182	194	-99	-99	121	141
S16-0492	239	239	194	196	-99	-99	171	173	219	219	273	273	126	134	182	194	170	170	121	121
S16-0494	239	241	194	196	231	235	177	181	219	219	273	277	122	126	194	194	186	186	121	141
S16-0496	239	239	196	196	229	229	173	173	217	219	267	267	126	130	190	198	186	190	121	141
S16-0497	239	239	196	196	229	229	173	173	217	219	267	267	126	130	190	198	186	190	121	141
S16-0498	241	241	196	196	229	229	-99	-99	219	219	263	285	128	134	182	198	190	190	121	121
S16-0499	239	239	196	196	229	229	173	173	217	219	267	267	126	130	190	198	186	190	121	141
S16-0500	239	239	194	194	-99	-99	173	177	219	219	-99	-99	128	130	190	194	170	170	121	141
S16-0501	239	239	196	198	229	229	177	177	217	217	263	267	126	130	182	182	170	190	121	141
S16-0503	241	241	194	198	-99	-99	177	177	219	239	-99	-99	128	128	182	194	-99	-99	141	141
S16-0504	239	241	194	196	237	237	177	177	219	239	267	267	128	128	190	194	186	186	141	141
S16-0505	239	241	196	200	229	237	175	175	217	219	263	267	128	128	182	190	190	194	141	141
S16-0506	239	241	196	196	231	231	177	177	217	219	267	277	128	128	190	190	186	198	121	121
S16-0507	239	241	194	196	-99	-99	173	173	219	239	-99	-99	128	138	182	194	-99	-99	121	141
S16-0508	239	239	194	196	229	237	175	175	217	219	-99	-99	126	126	182	194	-99	-99	121	141
S16-0511	239	241	196	196	229	229	173	173	217	219	261	267	126	130	182	190	170	186	121	121
S16-0512	239	239	194	196	229	229	173	181	217	219	267	273	128	128	194	194	194	194	121	121
S16-0514	239	241	194	196	237	237	173	173	219	239	-99	-99	128	138	182	194	-99	-99	121	141
S16-0516	239	239	-99	-99	229	229	171	177	217	217	263	263	126	130	182	182	170	186	121	141
S16-0519	239	239	194	196	229	229	173	173	217	217	-99	-99	126	138	194	194	-99	-99	129	141
S16-0520	239	241	196	200	235	235	177	177	219	219	255	277	126	134	194	194	-99	-99	141	141
S16-0523	-99	-99	196	196	229	229	177	177	213	217	-99	-99	126	126	182	190	174	198	121	141
S16-0524	239	241	196	200	229	237	175	175	217	219	263	267	128	128	182	190	190	194	141	141
S16-0525	239	239	196	198	229	237	177	177	217	219	267	277	128	128	182	194	190	190	141	141
S16-0526	241	241	194	196	237	237	173	173	219	225	267	273	128	128	190	194	-99	-99	121	141
S16-0528	239	241	194	194	233	233	173	173	219	219	273	281	134	138	190	190	-99	-99	121	121
S16-0529	239	239	194	196	229	237	-99	-99	217	217	-99	-99	126	130	182	194	170	170	121	141
S16-0530	239	241	194	194	229	229	173	175	217	217	-99	-99	126	126	190	190	-99	-99	121	141
S16-0531	239	241	194	198	-99	-99	-99	-99	217	223	-99	-99	126	126	182	190	-99	-99	121	141
S16-0532	239	239	196	198	229	237	177	177	217	219	267	277	128	128	182	194	190	190	141	141
S16-0533	239	239	196	196	241	241	173	173	219	219	273	273	126	134	182	194	170	170	121	141
S16-0534	239	241	194	196	229	229	173	177	217	219	277	277	126	130	182	182	-99	-99	141	141
S16-0535	239	239	194	196	229	237	175	175	217	219	277	285	126	126	182	194	170	198	121	141
S16-0536	239	241	196	196	237	237	175	177	219	219	273	277	126	134	190	190	170	182	121	121
S16-0537	239	239	196	198	229	235	177	177	217	219	261	277	126	126	190	194	190	190	121	141
S16-0538	239	241	194	196	231	235	177	181	219	219	273	277	122	126	194	194	186	186	121	141
S16-0539	239	241	194	196	231	235	177	181	219	219	273	277	122	126	194	194	186	186	121	141
S16-0540	241	241	196	196	233	233	-99	-99	219	235	267	277	126	126	182	194	170	170	121	141
S16-0543	239	239	194	196	229	237	175	175	217	219	277	285	126	126	182	194	170	198	121	141
S16-0544	239	239	194	196	229	237	175	175	217	219	277	285	126	126	182	194	-99	-99	121	141
S16-0546	239	241	194	200	229	235	175	175	217	219	263	277	128	128	182	182	186	186	141	141
S16-0548	239	239	194	196	229	229	177	177	217	217	267	285	126	138	190	194	186	186	121	141
S16-0549	239	241	196	196	237	237	177	177	217	217	277	285	126	126	190	194	170	198	121	141
S16-0553	239	239	196	196	229	229	177	177	217	217	263	277	126	126	182	190	170	170	121	141
S16-0554	239	241	196	196	229	229	175	177	217	217	263	263	-99	-99	182	190	-99	-99	121	141
S16-0555	239	239	196	196	-99	-99	171	171	217	217	-99	-99	126	130	182	194	-99	-99	121	141
S16-0557	239	239	194	194	-99	-99	173	173	219	219	273	281	138	138	190	190	-99	-99	121	121
S16-0562	239	239	194	200	233	233	171	171	217	217	273	273	-99	-99	182	190	-99	-99	141	141
S16-0565	239	241	196	198	235	237	177	177	217	219	261	277	128	128	194	194	-99	-99	141	141
S16-0569	239	239	196	196	229	229	173	181	217	217	255	255	-99	-99	182	190	-99	-99	141	141
S16-0570	239	239	194	194	237	237	171	173	219	219	-99	-99	128	128	190	194	-99	-99	141	141
S16-0571	239	241	196	196	233	237	175	175	219	219	267	267	126	138	182	190	194	194	129	141
S16-0572	239	239	194	200	233	233	-99	-99	217	217	273	273	-99	-99	182	190	-99	-99	141	141
S16-0573	241	241	194	196	231	235	177	181	219	219	273	273	110	110	194	194	-99	-99	121	141
S16-0574	239	241	194	196	231	235	177	181	219	219	273	277	122	126	194	194	186	186	121	141
S16-0575	241	241	196	196	229	237	177	177	219	219	263	267	128	128	190	194	-99	-99	141	141
S16-0576	241	241	194	196	229	237	177	177	219	239	267	277	128	128	190	194	-99	-99	141	141
S16-0582	239	241	194	196	237	237	173	173	219	239	261	277	128	138	182	194	186	186	121	141
S16-0583	239	239	194	196	229	229	173	173	217	217	277	289	126	138	194	194	186	198	129	141
S16-0586	239	239	194	196	229	237	175	175	217	219	277	285	126	126	182	194	-99	-99	121	141
S16-0587	239	241	194	196	231	235	177	181	219	219	273	277	122	126	194	194	186	194	121	141
S16-0588	239	239	196	198	229	235	177	177	217	219	261	277	126	126	190	194	186	186	121	141
S16-0589	239	241	194	196	231	235	177	181	219	219	273	277	122	126	194	194	186	194	121	141
S16-0590	239	239	196	198	229	235	177	177	217	219	261	277	-99	-99	190	194	-99	-99	121	141
S16-0591	239	241	196	196	233	237	175	175	219	219	267	267	138	138	182	190	194	194	129	141
S16-0592	239	239	194	200	235	235	173	177	215	219	267	267	128	128	182	190	194	194	121	121
S16-0603	239	239	194	202	237	237	177	177	217	219	263	289	128	128	182	190	-99	-99	141	141
S16-0617	239	239	-99	-99	229	229	173	177	223	235	-99	-99	138	138	182	194	-99	-99	121	121
S16-0618	241	241	194	198	237	237	-99	-99	217	219	273	273	126	130	194	194	190	190	141	141
S16-0620	239	239	196	196	237	237	173	177	217	217	261	273	130	130	182	194	-99	-99	121	141
S16-0621	-99	-99	194	196	237	237	177	177	235	235	261	273	128	128	194	194	-99	-99	121	141
S16-0626	239	241	196	196	229	229	175	177	223	223	-99	-99	126	134	182	190	-99	-99	121	141
S16-0642	239	239	196	198	227	237	177	181	223	239	261	277	126	128	182	190	-99	-99	121	121
S16-0643	239	239	196	198	229	229	173	173	217	219	267	289	126	138	182	194	190	198	141	141
S16-0644	239	241	194	194	229	237	177	177	217	217	255	277	110	130	182	190	-99	-99	121	121
S16-0646	239	241	194	196	225	237	177	177	235	235	261	273	126	128	194	194	-99	-99	121	141
S16-0649	239	239	194	202	237	237	177	177	217	219	263	263	126	128	182	190	-99	-99	141	141
S16-0650	241	241	194	198	237	237	-99	-99	217	219	273	273	126	130	194	194	194	194	141	141
S16-0651	239	241	194	196	237	237	177	177	217	223	263	273	128	128	190	194	198	198	121	129
S16-0652	239	239	194	200	235	235	173	177	215	219	267	267	128	128	182	190	-99	-99	121	121
S16-0653	239	241	194	196	229	229	173	173	219	223	267	285	126	126	190	194	164	164	121	141
S16-0654	241	241	196	198	237	237	173	177	223	239	263	273	128	130	190	194	198	198	121	129
S16-0655	239	239	196	198	229	229	173	173	217	219	267	289	126	138	182	194	-99	-99	141	141
S16-0656	239	239	196	196	237	237	173	177	217	239	273	277	134	138	182	202	194	194	121	141
S16-0657	239	239	194	200	235	235	173	177	215	219	267	267	126	128	182	190	-99	-99	121	121
S16-0658	241	241	194	198	237	237	-99	-99	217	219	273	273	126	130	194	194	194	194	141	141
S16-0659	239	239	194	196	227	237	177	177	217	219	263	277	128	130	190	190	194	194	121	129
S16-0660	241	241	194	198	237	237	-99	-99	217	219	273	273	126	130	194	194	194	194	141	141
S16-0661	239	239	196	198	229	229	173	173	217	219	267	289	126	138	182	194	190	190	141	141
S16-0662	241	241	194	198	229	233	-99	-99	219	223	261	285	126	134	190	194	-99	-99	121	141
S16-0663	239	239	196	196	237	237	175	175	219	219	267	277	128	128	182	190	-99	-99	141	141
S16-0664	241	241	194	194	229	233	-99	-99	223	235	273	285	126	134	190	194	170	170	141	141
S16-0666	241	241	194	196	229	229	177	177	223	223	267	285	126	126	190	194	170	170	141	141
S16-0667	239	241	194	196	237	237	173	173	217	217	261	267	126	126	194	194	-99	-99	141	141
S16-0668	241	241	194	194	229	233	171	171	223	235	-99	-99	126	134	190	194	170	170	141	141
S16-0669	241	241	194	196	229	237	177	177	217	239	267	285	126	130	190	190	170	194	141	141
S16-0670	239	241	194	196	229	237	177	177	217	217	255	267	128	130	190	194	170	170	121	141
S16-0673	-99	-99	196	196	-99	-99	171	173	217	217	-99	-99	126	126	194	194	186	186	141	141
S16-0677	239	239	198	200	237	237	175	177	219	221	261	277	126	126	182	190	-99	-99	121	141
S16-0678	239	239	198	200	-99	-99	175	177	219	221	-99	-99	126	126	182	190	-99	-99	121	141
S16-0681	239	239	198	200	237	237	175	177	221	221	277	277	126	126	182	190	190	194	121	141
S16-0682	241	241	194	194	229	233	171	171	223	235	273	285	126	134	190	194	170	170	141	141
S16-0683	239	239	198	200	237	237	175	177	219	221	277	277	126	126	182	190	190	194	121	141
S16-0686	239	241	194	200	-99	-99	-99	-99	217	219	261	261	138	138	190	194	-99	-99	121	141
S16-0689	239	239	198	200	237	237	175	177	221	221	277	277	126	126	182	190	190	194	121	141
S16-0690	-99	-99	194	194	-99	-99	-99	-99	217	219	-99	-99	122	134	182	190	186	186	141	141
S16-0691	241	241	194	196	229	229	173	173	217	219	273	273	122	134	182	190	-99	-99	141	141
S16-0692	241	241	194	196	229	229	173	183	217	219	273	273	122	134	182	190	-99	-99	141	141
S16-0693	241	241	194	196	229	229	177	177	217	217	277	277	126	126	194	194	-99	-99	121	121
S16-0694	239	241	198	198	229	229	177	177	217	217	-99	-99	126	134	190	194	-99	-99	141	141
S16-0695	241	241	194	196	229	229	173	173	217	219	273	273	122	134	182	190	-99	-99	141	141
S16-0696	239	239	194	196	229	229	173	173	217	219	261	273	122	126	190	190	190	198	121	141
S16-0697	239	239	194	196	229	229	173	173	217	219	261	273	122	126	190	190	190	198	121	141
S16-0698	239	239	194	196	229	229	173	173	217	219	261	273	122	126	190	190	-99	-99	121	141
S16-0699	239	239	194	194	237	237	171	171	217	219	-99	-99	126	130	194	194	170	170	141	141
S16-0701	239	241	194	194	229	229	-99	-99	219	223	273	277	126	126	190	194	-99	-99	121	141
S16-0702	241	241	194	196	229	229	177	177	217	217	273	277	126	126	194	194	170	170	121	121
S16-0703	239	239	194	196	229	229	173	173	217	219	261	273	122	126	190	190	-99	-99	121	141
S16-0706	239	241	194	196	233	233	173	179	219	219	273	277	126	126	190	194	190	194	121	141
S16-0707	239	239	196	196	229	233	183	183	219	219	267	277	126	134	190	190	170	170	141	141
S16-0708	239	239	194	196	-99	-99	173	173	217	219	-99	-99	122	126	190	190	-99	-99	121	141
S16-0709	239	239	196	196	229	229	177	177	219	239	-99	-99	126	126	190	190	-99	-99	121	141
S16-0710	239	239	196	198	231	231	183	183	217	219	261	261	126	134	182	194	186	186	121	141
S16-0711	241	241	194	196	229	229	177	177	217	217	273	277	126	126	194	194	170	170	121	121
S16-0712	239	241	196	196	233	233	183	183	219	219	267	277	134	138	194	194	186	190	121	141
S16-0713	239	239	196	196	229	233	183	183	219	219	267	277	126	134	190	190	170	170	141	141
S16-0714	239	239	194	196	229	233	173	173	219	219	267	277	126	134	190	194	186	186	141	141
S16-0715	-99	-99	194	196	229	229	173	173	217	219	261	261	122	126	190	190	-99	-99	121	141
S16-0716	-99	-99	194	196	-99	-99	173	173	217	219	-99	-99	122	126	190	190	186	186	121	141
S16-0718	241	241	194	196	229	229	173	173	217	219	273	273	122	134	182	190	-99	-99	141	141
S16-0719	239	241	196	196	-99	-99	171	177	217	219	-99	-99	126	126	182	190	-99	-99	121	141
S16-0720	239	239	196	198	237	237	173	173	217	219	277	277	126	134	194	194	190	190	121	121
S16-0721	239	241	198	198	229	229	177	177	217	217	273	277	126	126	190	194	-99	-99	141	141
S16-0725	239	241	196	198	-99	-99	177	177	217	219	-99	-99	126	130	190	194	-99	-99	121	121
S16-0727	239	239	194	196	229	229	173	173	217	219	261	273	122	126	190	190	-99	-99	121	141
S16-0728	239	239	194	196	229	229	173	173	217	219	261	273	122	126	190	190	198	198	121	141
S16-0731	239	241	194	194	229	231	177	177	219	239	277	285	126	126	190	194	170	170	121	141
S16-0732	241	241	194	196	229	229	177	177	219	239	273	277	122	126	190	190	170	170	121	121
S16-0733	239	241	196	198	237	237	-99	-99	239	239	-99	-99	126	126	190	190	-99	-99	121	121
S16-0734	241	241	194	196	229	229	177	177	219	239	273	277	122	126	190	190	170	186	121	121
S16-0735	239	239	198	198	231	231	173	173	217	219	261	273	126	138	182	194	170	190	121	141
S16-0736	241	241	194	196	229	229	173	183	217	219	273	273	122	134	182	190	-99	-99	141	141
S16-0737	241	241	194	198	233	233	-99	-99	217	219	261	261	-99	-99	190	194	-99	-99	141	141
S16-0738	239	239	194	194	245	245	177	177	217	219	273	273	126	126	194	194	186	186	121	121
S16-0739	241	241	194	198	229	229	-99	-99	217	219	273	273	126	126	194	202	-99	-99	141	141
S16-0740	241	241	196	196	233	237	173	173	217	217	273	277	126	134	190	194	186	186	121	141
S16-0741	241	241	194	198	233	233	-99	-99	217	219	261	261	126	134	190	194	170	190	141	141
S16-0742	239	239	194	198	233	237	173	173	219	219	273	273	126	130	190	194	-99	-99	121	141
S16-0743	241	241	194	196	229	229	173	173	217	219	273	273	122	134	182	190	194	194	141	141
S16-0744	239	239	194	194	229	237	173	173	217	219	273	277	128	134	182	190	-99	-99	121	141
S16-0745	241	241	194	198	233	233	-99	-99	217	219	261	261	126	134	190	194	170	170	141	141
S16-0746	239	241	196	196	229	229	177	177	217	219	273	277	126	126	182	190	170	170	121	141
S16-0747	241	241	196	196	-99	-99	177	177	217	219	-99	-99	126	126	182	190	-99	-99	121	141
S16-0748	239	239	194	198	229	229	177	177	217	217	273	277	126	126	190	194	186	186	121	141
S16-0749	239	239	194	198	229	229	177	177	217	217	273	277	126	126	190	194	186	186	121	141
S16-0750	241	241	196	198	229	229	183	183	217	219	273	285	130	130	194	198	170	170	141	141
S16-0751	241	241	194	198	229	229	-99	-99	217	219	273	273	126	126	194	202	-99	-99	141	141
S16-0753	239	241	194	196	233	233	171	171	217	217	255	285	128	128	190	194	-99	-99	141	141
S16-0754	239	241	194	196	233	233	-99	-99	217	217	255	285	128	128	190	194	170	170	141	141
S16-0755	239	241	194	196	233	233	171	171	217	217	255	285	128	128	190	194	170	170	141	141
S16-0756	239	241	194	196	233	233	-99	-99	217	217	255	285	128	128	190	194	170	170	141	141
S16-0759	239	239	196	196	245	245	173	173	219	219	273	277	128	128	190	190	164	198	121	141
S16-0761	239	241	194	198	229	237	173	173	219	219	263	277	128	128	194	194	164	164	121	141
S16-0762	239	241	194	196	237	237	173	181	219	221	277	285	130	138	194	194	164	170	141	141
S16-0763	239	241	194	196	231	233	177	177	217	219	255	267	126	130	190	198	-99	-99	121	141
S16-0764	239	241	194	196	231	233	177	183	217	219	255	267	126	130	190	198	-99	-99	121	141
S16-0765	241	241	194	194	229	231	177	177	219	219	267	267	126	138	182	190	186	186	141	141
S16-0766	239	241	196	196	229	229	173	173	221	223	273	277	126	126	194	194	164	164	141	141
S16-0769	239	241	194	196	233	233	171	171	217	217	255	285	128	128	190	194	170	170	141	141
S16-0771	239	239	194	196	233	233	-99	-99	217	217	255	285	128	128	190	194	-99	-99	141	141
S16-0773	239	241	194	196	233	233	-99	-99	217	217	255	285	128	128	190	194	170	170	141	141
S16-0774	239	239	194	196	-99	-99	173	181	219	221	277	277	130	138	194	194	164	164	141	141
S16-0775	-99	-99	194	196	237	237	173	181	219	221	285	285	130	138	194	194	164	164	141	141
S16-0776	239	241	196	196	229	229	173	173	221	223	273	277	126	126	194	194	164	164	141	141
S16-0778	239	241	196	196	229	229	173	173	221	223	273	277	126	126	194	194	164	164	141	141
S16-0779	241	241	196	196	229	229	177	177	219	223	273	273	-99	-99	194	194	-99	-99	141	141
S16-0780	239	241	194	196	233	233	-99	-99	217	217	255	285	128	128	190	194	170	170	141	141
S16-0781	239	241	196	196	229	229	173	173	221	223	273	277	126	126	194	194	164	186	141	141
S16-0782	239	241	196	196	233	233	173	173	217	223	255	273	128	128	194	194	170	170	141	141
S16-0783	239	241	196	196	233	233	173	173	217	223	255	273	128	128	194	194	170	170	141	141
S16-0784	241	241	194	196	233	233	173	173	217	217	267	277	126	138	190	194	182	186	121	141
S16-0785	-99	-99	194	198	229	229	173	173	219	219	-99	-99	126	128	194	194	164	164	121	141
S16-0786	239	241	196	196	229	229	173	173	221	223	273	277	126	126	194	194	164	164	141	141
S16-0788	239	239	196	196	245	245	173	173	219	219	273	277	128	128	190	190	164	164	121	141
S16-0789	241	241	194	196	233	233	173	173	217	217	267	277	126	138	190	194	182	186	121	141
S16-0790	239	239	196	196	245	245	173	173	219	219	273	277	128	128	190	190	164	164	121	141
S16-0791	241	241	194	196	233	233	173	173	217	217	267	277	126	138	190	194	182	186	121	141
S16-0792	239	241	196	196	229	229	173	173	221	223	273	277	126	126	194	194	164	186	141	141
S16-0793	239	241	194	196	233	233	-99	-99	217	217	255	285	128	128	190	194	170	182	141	141
S16-0794	239	241	194	198	229	237	173	173	219	219	263	277	128	128	194	194	164	164	121	141
S16-0796	241	241	194	200	227	233	171	177	219	223	273	273	126	138	182	190	160	160	121	141
S16-0797	241	241	194	196	227	233	177	179	223	231	273	273	122	130	190	190	160	160	121	141
S16-0799	239	241	194	196	227	233	177	177	223	231	273	273	122	130	190	190	160	160	121	141
S16-0800	-99	-99	200	200	229	229	175	177	219	223	-99	-99	122	126	190	190	-99	-99	141	141
S16-0801	239	239	196	196	233	233	175	177	227	239	245	289	128	128	182	198	-99	-99	121	121
S16-0802	241	241	196	200	227	227	161	175	227	231	-99	-99	122	126	182	190	-99	-99	121	141
S16-0806	239	239	196	198	233	233	175	179	219	231	265	273	122	122	182	182	-99	-99	119	121
S16-0808	241	241	196	200	227	233	161	175	219	227	269	273	126	128	190	194	164	164	121	121
S16-0811	239	241	196	200	227	233	175	177	219	231	273	273	122	128	190	198	160	160	141	141
S16-0812	239	241	196	200	227	233	177	177	221	223	273	273	122	138	190	198	160	160	121	141
S16-0814	241	241	196	200	231	235	159	175	213	217	273	277	122	126	190	190	-99	-99	141	141
S16-0815	239	241	196	200	227	231	-99	-99	-99	-99	263	277	122	128	190	194	160	164	-99	-99
S16-0818	239	241	196	196	227	233	175	179	231	231	273	285	134	134	182	190	186	186	141	141
S16-0820	239	241	196	196	227	233	175	179	231	231	273	285	134	134	182	190	186	186	141	141
S16-0821	241	241	196	196	233	233	161	175	213	219	269	273	128	138	190	198	160	160	121	141
S16-0822	239	241	196	200	227	233	175	181	227	231	245	245	122	122	190	190	-99	-99	121	121
S16-0823	239	241	194	196	229	233	161	177	219	231	245	245	134	134	190	190	164	164	141	141
S16-0825	239	241	194	196	227	229	177	179	219	231	245	255	134	138	190	190	-99	-99	121	141
S16-0826	239	239	196	198	231	231	177	177	219	219	273	277	126	126	182	190	164	164	121	121
S16-0827	239	239	196	198	231	231	177	177	219	219	-99	-99	126	126	182	190	164	164	121	121
S15-3241	239	241	196	196	231	241	177	177	217	223	261	285	130	130	182	194	-99	-99	121	141
S15-3243	241	241	198	198	229	229	177	179	219	235	273	273	130	134	190	190	170	186	129	141
S15-3245	239	241	196	196	237	237	181	181	223	239	273	285	128	130	190	190	164	194	141	141
S15-3246	239	241	196	198	229	233	173	173	217	223	261	277	128	128	190	202	194	194	121	141
S15-3247	-99	-99	194	196	-99	-99	173	177	223	223	-99	-99	130	130	182	190	186	186	121	121
S15-3249	239	241	194	196	231	231	173	173	217	239	273	285	138	138	190	190	-99	-99	141	141
S15-3250	239	241	196	196	237	237	181	181	223	239	273	285	128	130	190	190	164	164	141	141
S15-3251	239	241	196	198	231	231	173	185	217	223	273	277	130	134	182	194	170	194	121	141
S15-3253	239	241	198	198	229	229	179	179	217	219	255	277	126	130	190	194	-99	-99	141	141
S15-3254	239	239	196	196	229	233	173	181	217	225	267	267	126	130	182	190	186	194	129	141
S15-3255	-99	-99	198	198	227	227	173	177	217	217	-99	-99	134	134	190	190	-99	-99	121	121
S15-3256	239	239	196	198	229	233	177	177	217	217	273	273	126	130	190	190	186	190	121	141
S15-3258	241	241	196	198	227	227	177	181	217	219	255	285	128	128	194	194	-99	-99	141	141
S15-3259	239	241	194	196	233	237	173	173	217	217	255	267	122	126	182	190	190	194	121	141
S15-3260	239	241	196	196	229	229	173	181	219	219	255	263	122	134	190	190	-99	-99	141	141
S15-3261	241	241	196	200	229	229	173	173	217	217	261	267	110	126	190	194	-99	-99	129	141
S15-3262	241	241	196	200	229	229	173	173	217	217	261	267	110	126	190	194	-99	-99	129	141
S15-3263	241	241	196	198	237	237	173	177	217	219	263	273	126	130	194	194	194	194	141	141
S15-3265	239	239	196	198	229	233	177	177	217	217	273	273	126	130	190	190	186	190	121	141
S15-3268	-99	-99	196	198	229	229	173	177	217	219	-99	-99	126	130	190	190	-99	-99	141	141
S15-3270	239	241	196	198	229	229	173	177	217	219	-99	-99	126	130	190	190	-99	-99	141	141
S15-3271	239	241	194	194	229	237	181	181	217	221	263	273	126	128	182	190	-99	-99	121	141
S15-3273	241	241	196	198	229	237	181	181	219	221	263	267	128	128	182	190	-99	-99	141	141
S15-3274	239	239	194	200	229	229	177	181	217	217	261	273	126	126	182	194	-99	-99	121	121
S15-3275	239	239	194	200	229	229	177	181	217	217	261	273	126	126	182	194	-99	-99	121	121
S15-3277	241	241	194	196	229	237	173	173	223	225	277	285	128	138	190	194	-99	-99	121	141
S15-3278	-99	-99	194	196	233	237	173	173	219	223	261	277	128	128	194	202	-99	-99	121	121
S15-3279	241	241	196	196	233	235	173	177	215	225	277	285	130	130	190	190	-99	-99	121	141
S15-3280	-99	-99	196	196	229	233	173	173	217	225	-99	-99	138	138	182	190	-99	-99	121	141
S15-3281	241	241	196	196	233	235	173	177	215	225	277	285	130	130	190	190	-99	-99	121	141
S15-3285	239	239	194	196	239	239	173	177	217	217	255	273	126	126	182	190	-99	-99	121	141
S15-3287	239	239	196	196	229	239	177	177	217	223	-99	-99	130	130	190	202	-99	-99	121	141
S15-3291	239	241	194	196	231	239	173	177	223	223	273	285	126	130	182	190	190	194	121	121
S16-0069	239	239	196	196	231	231	177	177	217	223	273	277	130	134	190	190	170	194	121	129
S16-0070	239	239	198	198	233	233	177	177	223	225	255	277	110	126	182	190	194	194	141	141
S16-0071	239	241	196	196	231	241	177	177	217	223	261	285	126	130	182	194	190	194	121	141
S16-0072	239	241	196	196	231	241	177	177	223	223	261	261	126	130	182	194	190	194	121	141
S16-0077	239	241	196	198	229	233	173	173	217	223	261	277	128	128	190	202	194	194	121	141
S16-0078	239	241	194	196	231	239	173	177	223	223	285	285	126	130	182	190	190	194	121	121
S16-0079	239	241	194	194	239	241	173	177	215	223	261	285	126	130	182	194	190	194	121	141
S16-0080	239	239	196	198	229	229	177	177	217	217	273	273	126	130	-99	-99	186	186	121	141
S16-0081	239	241	196	198	229	233	173	177	217	217	261	273	126	130	190	190	190	194	141	141
S16-0082	241	241	196	198	237	237	173	177	217	219	263	273	126	130	194	194	194	194	141	141
S16-0083	239	239	-99	-99	229	229	173	173	-99	-99	-99	-99	126	134	190	190	186	186	121	141
S16-0084	239	241	196	198	229	233	173	177	217	219	261	273	126	130	190	190	190	194	141	141
S16-0085	239	239	196	198	229	233	177	177	219	219	261	263	126	128	190	194	182	186	121	141
S16-0086	241	241	-99	-99	-99	-99	177	181	217	217	273	273	130	134	182	194	194	194	141	141
S16-0087	239	239	194	198	229	229	-99	-99	221	223	261	263	122	128	182	182	186	186	121	121
S16-0088	239	239	196	200	229	229	173	177	217	223	261	273	122	126	198	198	182	198	121	121
