Indset1	ADCYC	ADCYC.1	BM6506	BM6506.1	CELB9	CELB9.1	CERVID1	CERVID1.1	ETH152	ETH152.1	SBTD04	SBTD04.1	SBTD05	SBTD05.1	SBTD06	SBTD06.1	TGLA94	TGLA94.1
Marin1	239	239	196	196	229	239	173	177	217	223	255	277	126	126	190	194	121	141
Marin2	239	239	194	196	239	239	173	177	217	217	255	273	126	126	182	190	121	141
Marin3	239	241	196	196	233	233	173	173	217	223	277	285	126	128	190	190	141	141
Marin4	239	239	198	198	233	233	177	177	223	225	255	277	110	126	182	190	141	141
Marin5	239	241	194	200	241	241	173	173	217	217	267	267	126	128	194	194	121	121
Marin6	239	241	194	196	233	239	177	177	217	219	261	273	122	126	190	190	141	141
Marin7	239	241	194	196	233	233	177	177	217	219	263	273	110	126	190	190	121	141
Marin8	239	241	196	196	229	237	177	177	217	219	261	273	126	134	190	198	121	121
Marin9	239	241	196	198	229	237	177	177	219	219	261	273	126	134	182	194	121	141
Marin10	239	241	196	198	233	237	173	177	217	219	261	261	128	134	182	190	121	141
Marin11	239	241	196	196	229	233	177	177	217	223	261	261	128	128	182	190	121	141
Marin12	239	239	196	200	229	229	177	177	217	219	261	261	126	128	190	198	121	121
Marin13	239	239	196	196	229	233	173	177	217	217	261	267	126	134	190	202	121	121
Marin14	239	239	196	198	229	233	177	177	219	219	261	263	126	128	190	194	121	141
Marin15	239	241	194	196	233	233	173	173	217	235	263	267	126	134	190	194	121	141
Marin16	239	241	196	198	229	229	173	173	215	223	261	277	126	126	182	194	141	141
Marin17	239	241	196	196	231	241	177	177	217	223	261	285	126	130	182	194	121	141
Marin18	239	241	194	196	231	239	173	177	223	223	273	285	126	130	182	190	121	121
Marin19	239	241	196	196	237	237	181	181	223	239	273	285	128	130	190	190	141	141
Marin20	239	241	196	196	229	229	181	181	223	225	267	273	130	130	190	202	141	141
Marin21	239	241	196	196	229	237	173	173	225	239	267	273	126	126	194	194	129	141
Marin22	239	239	196	196	229	239	177	177	217	223	277	285	130	134	190	202	121	141
Marin23	241	241	194	198	229	229	177	177	217	217	263	273	126	130	190	194	121	141
Marin24	239	241	194	196	231	231	173	173	217	239	273	285	134	138	190	190	141	141
Marin25	239	241	196	198	229	229	173	173	215	217	273	285	126	134	182	194	121	129
Marin26	241	241	198	198	229	229	177	179	219	235	273	273	130	134	190	190	129	141
Marin27	239	241	196	198	229	233	173	173	217	223	261	277	128	128	190	202	121	141
Marin28	239	241	196	198	231	231	173	185	217	223	273	277	130	134	182	194	121	141
Marin29	239	241	198	198	229	229	179	179	217	219	255	277	126	130	190	194	141	141
Marin30	239	239	196	196	229	233	173	181	217	225	267	267	126	130	182	190	129	141
Marin31	239	239	196	198	229	233	177	177	217	217	273	273	126	130	190	190	121	141
Marin32	241	241	196	198	227	227	177	181	217	219	255	285	128	128	194	194	141	141
Marin33	239	241	194	196	233	237	173	173	217	217	255	267	122	126	182	190	121	141
Marin34	239	241	196	196	229	229	173	181	219	219	255	263	122	134	190	190	141	141
Marin35	241	241	196	200	229	229	173	173	217	217	261	267	110	126	190	194	129	141
Marin36	241	241	196	198	237	237	173	177	217	219	263	273	126	130	194	194	141	141
Marin37	239	239	194	200	229	229	177	181	217	217	261	273	126	126	182	194	121	121
Marin38	241	241	194	196	229	237	173	173	223	225	277	285	128	138	190	194	121	141
Marin39	241	241	196	196	233	235	173	177	215	225	277	285	130	130	190	190	121	141
Marin40	239	239	196	196	231	231	177	177	217	223	273	277	130	134	190	190	121	129
Marin41	239	241	194	194	239	241	173	177	215	223	261	285	126	130	182	194	121	141
Marin42	239	241	196	198	229	233	173	177	217	217	261	273	126	130	190	190	141	141
Marin43	239	239	196	200	229	229	173	177	217	223	261	273	122	126	198	198	121	121
Marin44	239	239	194	198	229	231			221	223	261	263	122	128	182	190	121	121
Marin45	241	241	196	196	227	227	177	181	217	227	273	285	130	134	182	194	141	141
Marin47	239	241	194	198	233	233	175	181	215	219	261	277	126	130	190	194	141	141
Marin48	239	239	198	198	227	227	173	177	217	217	267	267	126	134	190	190	121	121
Marin49	239	241	194	196	229	231			217	219	267	267	126	126	182	194	121	141
Marin50	239	241	194	196	237	239	177	177	223	239	273	273	126	134	182	202	121	141
Marin51	241	241	198	202	229	229	173	173	223	239	261	261	126	130	182	194	129	129
Marin52	239	241	194	196	235	235	173	173	225	239	277	285	126	130	190	190	121	141
Marin53	239	241	194	196	233	237	173	173	219	223	261	277	126	128	194	202	121	121
Marin54	241	241	200	200	231	231	173	173	223	225	261	267	134	138	182	194	121	141
Marin55	239	239	194	196	233	233	173	173	223	223	273	285	126	130	194	194	121	121
Marin56	239	239	196	196	237	237	173	177	217	239	273	277	134	138	182	202	121	141
Marin57	239	239	194	194	229	233	173	177	225	235	267	273	126	134	190	194	121	141
Marin58	239	239	196	196	233	233	173	173	217	217	261	285	130	134	198	202	141	141
Marin59	239	241	194	198	233	233	173	177	217	239	255	277	128	128	182	190	141	141
Marin60	239	239	196	200	233	233	173	177	215	217	255	285	122	130	190	190	141	141
Marin61	239	241	194	196	229	229	173	181	217	217	267	277	126	134	182	194	121	141
Marin62	239	241	194	196	231	233	173	181	217	217	263	267	126	128	194	198	121	121
Marin63	239	241	194	196	231	233	179	181	217	219	255	267	126	128	190	194	121	141
Marin64	239	241	196	196	229	231	177	181	219	219	267	273	126	138	190	190	121	141
Marin65	239	239	194	196	229	229	177	181	215	217	255	277	126	126	194	194	121	121
Marin66	239	241	196	200	229	237	177	177	225	225	273	273	130	134	190	198	121	141
Marin67	239	239	196	198	233	233	173	173	217	225	267	285	128	128	190	194	121	121
Marin68	239	241	194	202	233	233	173	173	219	223	263	267	130	130	190	194	121	141
Marin69	239	239	196	196	229	233	173	173	217	219	263	285	126	134	190	194	121	141
Marin70	239	241	194	196	229	229	181	181	217	225	273	273	110	126	190	194	121	129
Marin71	239	239	194	194	237	237	177	177	219	219	267	273	126	126	194	194	121	121
Marin72	239	239	194	194	237	237	173	173	217	223	267	273	134	134	190	194	141	141
Marin73	239	239	196	198	229	229	175	181	217	239	267	267	110	126	194	202	141	141
Marin74	239	241	194	196	229	229	173	173	223	225	263	273	126	128	190	194	121	141
Marin75	241	241	196	196	229	229	177	177	223	225	267	267	110	128	190	190	121	141
Marin76	239	239	196	198	233	233	177	181	217	219	255	285	126	126	190	194	121	141
Marin77	241	241	196	198	229	233	173	175	217	219	267	285	126	126	194	194	121	141
Marin78	239	241	194	198	229	237	177	181	223	223	261	267	126	126	190	194	141	141
Marin79	239	239	194	200	241	241	177	181	217	223	255	255	126	134	190	198	121	141
Marin80	241	241	194	194	229	237	173	177	217	219	261	263	110	126	190	194	121	141
Marin81	239	239	194	196	233	233	173	175	217	217	277	277	126	126	194	198	141	141
Marin82	239	241	196	196	229	229	179	179	217	219	277	277	126	128	190	198	121	141
Marin83	239	239	196	198	229	229	181	181	217	223	273	273	126	134	190	198	121	121
Marin84	239	239	194	196	229	233	179	181	223	225	263	273	126	126	194	194	121	141
Marin85	239	239	196	200	229	229	173	173	217	223	261	273	126	130	194	194	121	141
Marin86	239	241	196	198	231	231	177	177	219	225	255	269	126	134	190	190	141	141
Marin87	241	241	194	200	233	233	181	181	217	227	261	261	128	134	194	194	129	141
Marin88	241	241	194	194	231	231	173	181	215	219	267	267	134	134	194	194	121	121
Marin89	239	241	194	198	233	235	173	181	219	239	261	285	126	134	194	194	121	141
Marin90	241	241	196	200	231	231	173	181	219	239	269	273	128	130	194	194	121	121
Marin91	239	241	198	198	229	229	171	173	215	219	255	255	126	134	194	194	129	141
Marin92	241	241	196	196	229	229	177	181	217	217	273	273	126	134	182	190	121	141
Marin93	239	239	194	196	233	233	173	173	215	219	261	267	126	130	182	190	141	141
Marin94	241	241	194	194	229	229	177	177	217	219	263	285	126	126	190	190	121	141
Marin95	239	241	194	196	229	237	173	177	217	219	267	281	126	128	190	194	121	141
Marin96	239	239	196	198	229	229	173	173	217	217	261	273	126	128	190	198	141	141
Marin97	239	239	196	196	237	237	177	181	217	221	263	267	130	130	182	190	141	141
Marin98	241	241	194	194	229	237			217	217	263	267	126	138	190	194	121	141
Marin99	239	239	196	198	231	231	177	177	217	219	263	273	122	134	190	194	121	141
Marin100	241	241	194	198	229	229	173	177	217	217	267	285	126	126	190	190	141	141
Marin101	239	239	194	196	235	235	177	181	217	219	261	273	122	126	190	194	121	141
Marin102	239	241	196	196	231	237	177	179	217	219	273	285	126	130	182	198	121	141
Marin103	241	241	196	196	229	231	179	179	223	225	273	273	126	130	190	198	141	141
Marin104	241	241	194	196	233	237			217	235	255	267	126	126	194	194	141	141
Marin105	239	241	194	202	231	231	177	177	219	223	269	273	128	130	190	194	121	141
Marin106	239	239	194	196	237	237	177	177	217	223	285	285	126	134	190	190	121	121
Marin107	239	241	194	196	237	239	173	173	217	219	267	273	128	134	194	194	121	141
Marin108	239	239	196	196	237	237	171	171	217	217	267	273	128	128	194	194	121	141
Marin109	239	241	194	196	229	229			217	219	277	277	126	128	194	194	121	141
Marin110	241	241	194	194	237	237	177	177	217	223	261	273	126	134	182	194	141	141
Marin111	239	239	194	200	229	229	173	175	219	223	273	285	128	138	190	190	121	141
Marin112	239	241	196	198	229	229	173	173	217	221	261	263	122	126	182	194	121	141
Marin113	241	241	194	198	237	237	173	177	217	219	255	285	128	128	182	182	121	141
Marin114	239	241	196	196	235	241	173	173	217	219	263	273	126	134	194	194	141	141
Marin115	241	241	196	196	229	237	173	181	219	219	263	267	126	126	190	194	141	141
Marin116	239	239	194	196	229	229	173	177	219	235	267	277	122	122	190	194	121	141
Marin117	239	239	196	196	229	235	177	179	219	235	261	267	122	126	182	194	121	141
Marin118	239	241	196	198	229	237	173	177	219	221	267	277	130	138	190	194	121	141
Marin119	239	239	194	196	229	229	173	173	217	225	255	263	126	126	194	194	121	141
Marin120	241	241	196	198	235	235	173	173	219	219	273	273	130	130	182	194	121	141
Marin121	239	241	194	196	229	229	173	173	219	235	267	285	126	126	190	194	129	141
Marin46	239	241	194	196	229	229	173	173	219	223	267	285	126	126	190	194	121	141
Marin122	239	239	196	196	229	229	173	173	221	235	277	277	126	138	182	194	121	141
Marin123	239	239	194	196	229	235			217	219	273	273	128	134	190	190	121	141
Marin124	239	239	196	196	235	241	173	177	217	223	267	285	126	134	194	194	141	141
Marin125	239	241	196	196	229	229	173	181	217	219	261	261	122	126	182	194	121	141
Marin126	239	239	194	196	237	237	173	173	219	219	273	285	130	138	190	198	121	141
Marin127	241	241	196	196	229	229	173	173	219	219	263	267	128	130	190	190	121	141
Marin128	241	241	196	196	237	237	175	175	219	219	273	285	128	134	190	194	129	141
Marin129	239	239	194	196	231	241	173	175	219	219	267	285	126	130	190	194	129	141
Marin130	239	241	196	198	229	229	173	181	217	219	267	273	128	128	194	194	141	141
Marin131	239	239			229	229	173	173	217	217	255	267	126	128	182	190	121	141
Marin132	241	241	196	196	229	229	175	175	217	219	273	285	128	128	194	194	121	141
Marin133	239	239	194	198	237	239	173	173	217	235	263	277	126	126	190	198	129	141
Marin134	239	239	196	198	229	235	173	177	223	235	267	277	126	126	194	194	141	141
Marin135	239	239	196	196	235	237			217	235	255	267	126	130	194	194	141	141
Marin136	239	241	196	198	229	229	173	173	217	235	255	267	130	134	190	194	121	129
Marin137	239	239	194	196	229	237	175	175	217	219	277	285	126	126	182	194	121	141
Marin138	241	241	194	196	229	237	177	177	219	239	267	277	128	128	190	194	141	141
Marin139	239	239	196	196	229	237			217	217	277	285	126	130	182	194	121	141
Marin140	239	241	196	196	229	237	173	177	217	219	277	285	126	138	194	194	121	129
Marin141	239	239	196	198	229	229	177	177	217	217	263	267	126	130	182	182	121	141
Marin142	239	239	196	198	229	237	177	177	217	219	267	277	128	128	182	194	141	141
Marin143	239	241	196	196	237	237	177	177	217	217	277	285	126	126	190	194	121	141
Marin144	239	241	194	196	231	235	177	181	219	219	273	277	122	126	194	194	121	141
Marin145	239	239	196	196	229	229	173	173	217	219	267	267	126	130	190	198	121	141
Marin146	241	241	196	196	229	229			219	219	263	285	128	134	182	198	121	121
Marin147	239	241	194	196	237	237	177	177	219	239	267	267	128	128	190	194	141	141
Marin148	239	241	196	200	229	237	175	175	217	219	263	267	128	128	182	190	141	141
Marin149	239	241	196	196	231	231	177	177	217	219	267	277	128	128	190	190	121	121
Marin150	239	241	196	196	229	229	173	173	217	219	261	267	126	130	182	190	121	121
Marin151	239	239	194	196	229	229	173	181	217	219	267	273	128	128	194	194	121	121
Marin153	239	241	196	200	235	235	177	177	219	219	255	277	126	134	194	194	141	141
Marin154	241	241	194	196	237	237	173	173	219	225	267	273	128	128	190	194	121	141
Marin155	239	241	194	194	233	233	173	173	219	219	273	281	134	138	190	190	121	121
Marin156	239	241	194	196	229	229	173	177	217	219	277	277	126	130	182	182	141	141
Marin157	239	241	196	196	237	237	175	177	219	219	273	277	126	134	190	190	121	121
Marin158	239	239	196	198	229	235	177	177	217	219	261	277	126	126	190	194	121	141
Marin159	241	241	196	196	233	233			219	235	267	277	126	126	182	194	121	141
Marin160	239	241	194	200	229	235	175	175	217	219	263	277	128	128	182	182	141	141
Marin161	239	239	194	196	229	229	177	177	217	217	267	285	126	138	190	194	121	141
Marin162	239	239	196	196	229	229	177	177	217	217	263	277	126	126	182	190	121	141
Marin163	239	241	196	198	235	237	177	177	217	219	261	277	128	128	194	194	141	141
Marin164	239	241	196	196	233	237	175	175	219	219	267	267	126	138	182	190	129	141
Marin165	241	241	196	196	229	237	177	177	219	219	263	267	128	128	190	194	141	141
Marin166	239	241	194	196	237	237	173	173	219	239	261	277	128	138	182	194	121	141
Marin167	239	239	194	200	235	235	173	177	215	219	267	267	128	128	182	190	121	121
Marin168	239	239	194	202	237	237	177	177	217	219	263	263	126	128	182	190	141	141
Marin169	241	241	194	198	237	237			217	219	273	273	126	130	194	194	141	141
Marin170	239	239	196	198	227	237	177	181	223	239	261	277	126	128	182	190	121	121
Marin171	239	239	196	198	229	229	173	173	217	219	267	289	126	138	182	194	141	141
Marin172	239	241	194	194	229	237	177	177	217	217	255	277	110	130	182	190	121	121
Marin173	239	241	194	196	225	237	177	177	235	235	261	273	126	128	194	194	121	141
Marin174	239	241	194	196	237	237	177	177	217	223	263	273	128	128	190	194	121	129
Marin175	241	241	196	198	237	237	173	177	223	239	263	273	128	130	190	194	121	129
Marin176	239	239	194	196	227	237	177	177	217	219	263	277	128	130	190	190	121	129
Marin177	241	241	194	194	229	233			223	235	273	285	126	134	190	194	141	141
Marin178	241	241	194	196	229	229	177	177	223	223	267	285	126	126	190	194	141	141
Marin179	239	241	194	196	237	237	173	173	217	217	261	267	126	126	194	194	141	141
Marin180	241	241	194	196	229	237	177	177	217	239	267	285	126	130	190	190	141	141
Marin181	239	239	198	200	237	237	175	177	219	221	277	277	126	126	182	190	121	141
Marin182	241	241	194	196	229	229	173	173	217	219	273	273	122	134	182	190	141	141
Marin183	239	239	194	196	229	229	173	173	217	219	261	273	122	126	190	190	121	141
Marin184	241	241	194	196	229	229	177	177	217	217	273	277	126	126	194	194	121	121
Marin185	239	241	194	196	233	233	173	179	219	219	273	277	126	126	190	194	121	141
Marin186	239	239	196	196	229	233	183	183	219	219	267	277	126	134	190	190	141	141
Marin187	239	239	196	198	231	231	183	183	217	219	261	261	126	134	182	194	121	141
Marin188	239	241	196	196	233	233	183	183	219	219	267	277	134	138	194	194	121	141
Marin189	239	239	194	196	229	233	173	173	219	219	267	277	126	134	190	194	141	141
Marin190	239	239	196	198	237	237	173	173	217	219	277	277	126	134	194	194	121	121
Marin191	239	241	194	194	229	231	177	177	219	239	277	285	126	126	190	194	121	141
Marin192	241	241	194	196	229	229	177	177	219	239	273	277	122	126	190	190	121	121
Marin193	239	239	198	198	231	231	173	173	217	219	261	273	126	138	182	194	121	141
Marin194	239	239	194	194	245	245	177	177	217	219	273	273	126	126	194	194	121	121
Marin195	241	241	196	196	233	237	173	173	217	217	273	277	126	134	190	194	121	141
Marin196	241	241	194	198	233	233			217	219	261	261	126	134	190	194	141	141
Marin197	239	239	194	194	229	237	173	173	217	219	273	277	128	134	182	190	121	141
Marin198	239	239	194	198	229	229	177	177	217	217	273	277	126	126	190	194	121	141
Marin199	241	241	196	198	229	229	183	183	217	219	273	285	130	130	194	198	141	141
Marin200	239	241	194	196	233	233	171	171	217	217	255	285	128	128	190	194	141	141
Marin201	239	239	196	196	245	245	173	173	219	219	273	277	128	128	190	190	121	141
Marin202	239	241	194	198	229	237	173	173	219	219	263	277	128	128	194	194	121	141
Marin203	239	241	194	196	237	237	173	181	219	221	277	285	130	138	194	194	141	141
Marin204	239	241	194	196	231	233	177	183	217	219	255	267	126	130	190	198	121	141
Marin205	241	241	194	194	229	231	177	177	219	219	267	267	126	138	182	190	141	141
Marin206	239	241	196	196	229	229	173	173	221	223	273	277	126	126	194	194	141	141
Marin207	239	241	196	196	233	233	173	173	217	223	255	273	128	128	194	194	141	141
Marin208	241	241	194	196	233	233	173	173	217	217	267	277	126	138	190	194	121	141
Marin209	241	241	194	200	227	233	171	177	219	223	273	273	126	138	182	190	121	141
Marin210	239	241	194	196	227	233	177	179	223	231	273	273	122	130	190	190	121	141
Marin211	239	239	196	196	233	233	175	177	227	239	245	289	128	128	182	198	121	121
Marin212	239	239	196	198	233	233	175	179	219	231	265	273	122	122	182	182	119	121
Marin213	241	241	196	200	227	233	161	175	219	227	269	273	126	128	190	194	121	121
Marin214	239	241	196	200	227	233	175	177	219	231	273	273	122	128	190	198	141	141
Marin215	239	241	196	200	227	233	177	177	221	223	273	273	122	138	190	198	121	141
Marin216	241	241	196	200	231	235	159	175	213	217	273	277	122	126	190	190	141	141
Marin217	239	241	196	196	227	233	175	179	231	231	273	285	134	134	182	190	141	141
Marin218	241	241	196	196	233	233	161	175	213	219	269	273	128	138	190	198	121	141
Marin219	239	241	194	196	229	233	161	177	219	231	245	245	134	134	190	190	141	141
Marin152	239	239	196	198	231	231	177	177	219	219	273	277	126	126	182	190	121	121
S15-3175			194	196	229	229	173	173	223	223	263	263	126	130	190	194	121	141
S15-3176	239	241	194	196	229	233	173	173	223	223			126	130	190	194	121	141
S15-3195			196	196	233	233	173	173	217	219			122	126	190	194	121	121
S15-3199	241	241	196	196	229	237	177	177	217	219	261	273	126	134	190	198	121	121
S15-3201	239	239	194	198	229	231			221	223	261	263	122	128	182	190	121	121
S15-3202	239	239	196	200	229	229	177	177	219	219			126	134	194	198	121	121
S15-3203			196	198	237	237			217	217	261	261	128	128	182	190	121	141
S15-3204	239	239	196	196	229	233	173	177	217	219	261	267	126	134	190	202	121	121
S15-3205	239	241	196	198	233	237	173	177	217	219	261	261	128	134	182	190	121	141
S15-3206	239	239	194	198	229	231			221	223	261	263	122	128	182	190	121	121
S15-3212	239	241	194	196	231	239	173	177	217	223			126	130			121	141
S15-3214	239	241	196	198	229	229	173	173	215	217	273	285	126	134	182	194	121	129
S15-3217	239	241	198	198	229	229	177	179	219	219			130	134	190	190	129	141
S15-3221	239	241	194	194	239	241	173	177	215	223	261	285	126	130	182	194	121	141
S15-3229	239	241	196	196	231	241	177	177	217	223	261	285	126	130	182	194	121	141
S15-3230	239	241	198	202	229	229	173	177	217	239			126	130	194	194	141	141
S15-3233			194	196	231	239	173	177	223	223	273	285	126	130	182	190	121	121
S15-3238	239	241	194	194	239	241	173	177	215	223	261	261	126	130	182	194	121	141
S15-3247			194	196			173	177	223	223			130	130	182	190	121	121
S15-3255			198	198	227	227	173	177	217	217			134	134	190	190	121	121
S15-3268			196	198	229	229	173	177	217	219			126	130	190	190	141	141
S15-3270	239	241	196	198	229	229	173	177	217	219			126	130	190	190	141	141
S15-3271	239	241	194	194	229	237	181	181	217	221	263	273	126	128	182	190	121	141
S15-3273	241	241	196	198	229	237	181	181	219	221	263	267	128	128	182	190	141	141
S15-3274	239	239	194	200	229	229	177	181	217	217	261	273	126	126	182	194	121	121
S15-3278			194	196	233	237	173	173	219	223	261	277	128	128	194	202	121	121
S15-3280			196	196	229	233	173	173	217	225			138	138	182	190	121	141
S15-3281	241	241	196	196	233	235	173	177	215	225	277	285	130	130	190	190	121	141
S15-3287	239	239	196	196	229	239	177	177	217	223			130	130	190	202	121	141
S16-0072	239	241	196	196	231	241	177	177	223	223	261	261	126	130	182	194	121	141
S16-0078	239	241	194	196	231	239	173	177	223	223	285	285	126	130	182	190	121	121
S16-0080	239	239	196	198	229	229	177	177	217	217	273	273	126	130			121	141
S16-0083	239	239			229	229	173	173					126	134	190	190	121	141
S16-0086	241	241					177	181	217	217	273	273	130	134	182	194	141	141
S16-0087	239	239	194	198	229	229			221	223	261	263	122	128	182	182	121	121
S16-0089	239	239					173	173			261	261	126	134	190	190	121	121
S16-0091	239	239	194	198	229	231					261	263	122	128	182	190	121	121
S16-0097			196	196	227	227			217	217			130	134	182	182	141	141
S16-0098	241	241	196	198	229	229			219	219	261	273	126	130	190	190	141	141
S16-0105	241	241	196	196	227	227	177	181	217	227	261	273	130	134	182	194	141	141
S16-0107			196	198	229	233	177	177	217	217	273	273	126	130	190	190	121	141
S16-0109			196	196	229	229	171	171	217	217			126	134			121	121
S16-0111	239	239			229	229	177	177	217	219			126	128	194	194	141	141
S16-0117	239	239	196	196	229	239	177	177	217	223	277	285	130	134	190	202	121	141
S16-0120			196	196	227	227			217	217	255	255	128	134	194	194	141	141
S16-0122	239	241	194	196	231	239	173	177	223	223	273	285	126	130	182	190	121	121
S16-0127	241	241	196	196	233	235	173	177	215	215	277	285	130	130	190	190	121	141
S16-0134	239	239	196	196	229	233	173	173	217	217	267	267	126	130	182	190	129	141
S16-0139	239	241	194	196	233	237	173	173	223	225	261	277	128	138	190	194	121	141
S16-0140	239	239	196	196	239	239	177	177					130	130	182	182	121	141
S16-0144			196	196			173	173	223	225			128	138	190	194	121	141
S16-0148	239	241	194	196	233	237	173	173	219	219	261	277	126	128	194	202	121	121
S16-0150			196	196	231	231	179	179			255	267	126	128	190	194	121	141
S16-0159			194	194	233	233	181	181			255	255	128	134	190	190	141	141
S16-0160	241	241	194	198			173	173			255	277	128	138	190	190	141	141
S16-0163	239	239	194	194			173	173	217	217	273	273	126	134	190	194	121	141
S16-0164	241	241	198	198	229	237	173	173	219	219	273	285	126	130	182	182	121	141
S16-0168			194	194	229	229	173	181	215	217			126	126	182	194	121	141
S16-0184	239	239	194	194			173	173	217	223			134	134	190	194	141	141
S16-0187	239	239	196	198	229	233	181	181	217	219			126	128	190	194	121	141
S16-0189	239	239	196	196	233	233	173	175	217	217	277	285	126	126	194	198	141	141
S16-0190	239	239	196	196	233	233	173	175	217	217	285	285	126	126	194	198	141	141
S16-0195	239	239	196	196	233	237			217	223	273	273	126	134	182	198	141	141
S16-0199	239	241	194	196	229	229	181	181	217	225	273	273	110	126	190	194	121	129
S16-0204	241	241	194	196	229	229	181	181	217	223	263	267	126	128	190	190	121	141
S16-0207	239	241	194	198	229	237	177	181	223	223	261	267	126	126	190	194	141	141
S16-0208	239	239	194	194			173	173	217	223			134	134	190	194	141	141
S16-0210	241	241	194	194	229	237	173	173	217	219	263	263	110	126	190	194	121	141
S16-0211	239	241	196	198	229	229	181	181	223	239	263	263	110	126	190	202	121	141
S16-0212	239	239	194	194	237	237	173	173	217	223			134	134	190	194	141	141
S16-0215	239	239	196	196	233	233	173	175	217	217	277	285	126	126	194	198	141	141
S16-0218	241	241	194	194			177	177	217	223			126	126	190	194	121	141
S16-0219	239	239	196	196	229	229	175	177	217	223	267	273	126	126	194	198	121	121
S16-0222	241	241	194	194			173	177	219	219	273	273	126	126	182	190	121	141
S16-0226			194	194	231	231	173	181	215	219			134	134	194	194	121	121
S16-0242	241	241	196	198			177	177	219	225	255	255	126	134	190	190	141	141
S16-0243	241	241	196	198			177	177	219	225			126	126	190	190	141	141
S16-0245	239	239	196	198			177	177	219	219			126	134	190	190	141	141
S16-0247	241	241	196	198	231	231	177	177	219	225	255	255	126	134	190	190	141	141
S16-0248	239	241	196	198	231	231	177	177	219	225	255	269	126	134	190	190	141	141
S16-0249	241	241	194	194	231	231	173	181	215	219	267	267	134	134	194	194	121	121
S16-0253	239	241	194	198	237	239			215	235	255	267	130	134	190	194	121	129
S16-0254	241	241	194	194	231	231	173	181	215	219	267	267	134	134	194	194	121	121
S16-0255	239	239	194	200			177	177			261	261	128	128	190	194	121	141
S16-0257	239	239	194	196	229	229			217	225	267	285	128	128	190	194	141	141
S16-0258	239	239	194	196	229	229			217	225	267	285	128	128	190	194	141	141
S16-0259	239	239	194	196	229	229			217	225	267	285	128	128	190	194	141	141
S16-0262	239	239	194	196	229	229			217	225	267	285	126	128	190	194	141	141
S16-0263	239	239	198	198	231	231	177	177	217	219	273	273	122	134	190	194	121	141
S16-0282	239	241	194	194	229	237	173	177	217	219	267	281	126	128	190	194	121	141
S16-0290	241	241	194	194	229	237			217	217	263	267	126	138	190	194	121	141
S16-0295	239	239	194	196	229	229			217	225	267	285	128	128	190	194	141	141
S16-0296	239	239	194	196	229	229			217	225	267	285	128	128	190	194	141	141
S16-0303	241	241	194	194	229	237			217	217	263	267	126	138	190	194	121	141
S16-0309	239	241	194	196	229	237	173	177	217	219	267	281	126	128	190	194	121	141
S16-0310	239	239	194	194	237	237	173	177	217	217	267	281	126	128	190	194	121	141
S16-0311	241	241	196	196	229	229	177	181	217	217	273	273	126	134	182	190	121	141
S16-0312	241	241	194	194	229	237			217	217	263	267	126	138	190	194	121	141
S16-0314	239	239	194	196	229	229			217	225	267	285	128	128	190	194	141	141
S16-0318	239	241	196	196	229	229	177	177	217	219	261	285	128	134	194	194	121	141
S16-0319	239	239	194	196	229	229			217	225	267	285	128	128	190	194	141	141
S16-0320			194	196	229	229			225	225	285	285	128	128	190	194	141	141
S16-0321	239	239	194	196	229	229			217	225	267	285	128	128	190	194	141	141
S16-0322	239	239	194	196	229	229			217	225	267	285	126	128	190	194	141	141
S16-0327			194	196	229	229	173	173	217	219			126	128	190	194	121	141
S16-0331	239	241	194	196	229	237	173	177	217	219	267	281	126	128	190	194	121	141
S16-0335	239	239	194	196	229	229			217	225	267	285	128	128	190	194	141	141
S16-0336	239	239	194	196	229	229			217	225	267	285	126	128	190	194	141	141
S16-0339	239	239	194	196	229	229					267	285	128	128	190	194	141	141
S16-0345	239	241	194	196	229	229	179	179	217	225	273	277	126	126	194	198	121	141
S16-0354	241	241	196	196	237	237	173	179			285	285	126	126	190	198	141	141
S16-0357	239	239	196	198	231	237			217	217			128	128	190	202	121	141
S16-0363	239	239	194	198	229	229			219	219	267	285	126	126	190	194	121	141
S16-0370			198	198	237	237	171	173	217	217			128	128	194	194	121	141
S16-0376	239	239	196	198	229	229	173	181	217	219			128	128	194	194	141	141
S16-0388	239	239	200	200	229	229	173	175	219	223			128	138	190	190	121	141
S16-0395	241	241	194	198	237	237	173	177	217	219	255	255	128	128	182	182	121	141
S16-0399	241	241	194	194	237	237	177	177	217	223			126	126	182	194	141	141
S16-0416	239	239	196	198			173	177	223	235			126	126	194	194	141	141
S16-0427	239	239	194	198	229	229	171	177	219	219	267	285	126	126	190	194	121	141
S16-0429	239	241	196	196	237	237	175	175	219	219			128	128	190	194	129	141
S16-0430	239	239	196	198	229	237	173	177	217	223					194	194	121	141
S16-0438			196	196			175	175	219	219			128	128	190	194	129	141
S16-0441	239	241	196	196	235	241	173	173	217	219	263	263	126	134	194	194	141	141
S16-0449	239	241	196	198	229	229	173	173	217	235	255	267	130	134	190	194	121	129
S16-0451	239	241	196	196	229	229			217	217			128	128	182	194	141	141
S16-0456	241	241	196	196	237	237	175	175	219	219	273	285	128	134	190	194	129	141
S16-0462	239	239	194	194			173	173	217	225	255	263			194	194	121	141
S16-0468	239	239	194	196	235	237	173	173	219	235	267	273	126	126	194	198	141	141
S16-0471	241	241	196	196	237	237	175	175	219	219	273	273	128	134	190	194	129	141
S16-0483	239	239	196	196	229	237			217	217	277	285	126	130	182	194	121	141
S16-0489	239	241	196	196	237	237	175	177	219	219	277	277	126	126	190	190	121	121
S16-0490	239	241	196	196	229	229	173	173	217	219					182	198	121	141
S16-0491	239	239	196	196	229	237			217	217			126	130	182	194	121	141
S16-0492	239	239	194	196			171	173	219	219	273	273	126	134	182	194	121	121
S16-0500	239	239	194	194			173	177	219	219			128	130	190	194	121	141
S16-0503	241	241	194	198			177	177	219	239			128	128	182	194	141	141
S16-0507	239	241	194	196			173	173	219	239			128	138	182	194	121	141
S16-0508	239	239	194	196	229	237	175	175	217	219			126	126	182	194	121	141
S16-0514	239	241	194	196	237	237	173	173	219	239			128	138	182	194	121	141
S16-0519	239	239	194	196	229	229	173	173	217	217			126	138	194	194	129	141
S16-0523			196	196	229	229	177	177	213	217			126	126	182	190	121	141
S16-0529	239	239	194	196	229	237			217	217			126	130	182	194	121	141
S16-0530	239	241	194	194	229	229	173	175	217	217			126	126	190	190	121	141
S16-0531	239	241	194	198					217	223			126	126	182	190	121	141
S16-0533	239	239	196	196	241	241	173	173	219	219	273	273	126	134	182	194	121	141
S16-0554	239	241	196	196	229	229	175	177	217	217	263	263			182	190	121	141
S16-0555	239	239	196	196			171	171	217	217			126	130	182	194	121	141
S16-0557	239	239	194	194			173	173	219	219	273	281	138	138	190	190	121	121
S16-0562	239	239	194	200	233	233	171	171	217	217	273	273			182	190	141	141
S16-0569	239	239	196	196	229	229	173	181	217	217	255	255			182	190	141	141
S16-0570	239	239	194	194	237	237	171	173	219	219			128	128	190	194	141	141
S16-0572	239	239	194	200	233	233			217	217	273	273			182	190	141	141
S16-0573	241	241	194	196	231	235	177	181	219	219	273	273	110	110	194	194	121	141
S16-0583	239	239	194	196	229	229	173	173	217	217	277	289	126	138	194	194	129	141
S16-0586	239	239	194	196	229	237	175	175	217	219	277	285	126	126	182	194	121	141
S16-0590	239	239	196	198	229	235	177	177	217	219	261	277			190	194	121	141
S16-0617	239	239			229	229	173	177	223	235			138	138	182	194	121	121
S16-0620	239	239	196	196	237	237	173	177	217	217	261	273	130	130	182	194	121	141
S16-0621			194	196	237	237	177	177	235	235	261	273	128	128	194	194	121	141
S16-0626	239	241	196	196	229	229	175	177	223	223			126	134	182	190	121	141
S16-0650	241	241	194	198	237	237			217	219	273	273	126	130	194	194	141	141
S16-0658	241	241	194	198	237	237			217	219	273	273	126	130	194	194	141	141
S16-0660	241	241	194	198	237	237			217	219	273	273	126	130	194	194	141	141
S16-0662	241	241	194	198	229	233			219	223	261	285	126	134	190	194	121	141
S16-0663	239	239	196	196	237	237	175	175	219	219	267	277	128	128	182	190	141	141
S16-0670	239	241	194	196	229	237	177	177	217	217	255	267	128	130	190	194	121	141
S16-0673			196	196			171	173	217	217			126	126	194	194	141	141
S16-0678	239	239	198	200			175	177	219	221			126	126	182	190	121	141
S16-0682	241	241	194	194	229	233	171	171	223	235	273	285	126	134	190	194	141	141
S16-0686	239	241	194	200					217	219	261	261	138	138	190	194	121	141
S16-0690			194	194					217	219			122	134	182	190	141	141
S16-0692	241	241	194	196	229	229	173	183	217	219	273	273	122	134	182	190	141	141
S16-0693	241	241	194	196	229	229	177	177	217	217	277	277	126	126	194	194	121	121
S16-0694	239	241	198	198	229	229	177	177	217	217			126	134	190	194	141	141
S16-0699	239	239	194	194	237	237	171	171	217	219			126	130	194	194	141	141
S16-0701	239	241	194	194	229	229			219	223	273	277	126	126	190	194	121	141
S16-0703	239	239	194	196	229	229	173	173	217	219	261	273	122	126	190	190	121	141
S16-0708	239	239	194	196			173	173	217	219			122	126	190	190	121	141
S16-0709	239	239	196	196	229	229	177	177	219	239			126	126	190	190	121	141
S16-0715			194	196	229	229	173	173	217	219	261	261	122	126	190	190	121	141
S16-0716			194	196			173	173	217	219			122	126	190	190	121	141
S16-0719	239	241	196	196			171	177	217	219			126	126	182	190	121	141
S16-0721	239	241	198	198	229	229	177	177	217	217	273	277	126	126	190	194	141	141
S16-0725	239	241	196	198			177	177	217	219			126	130	190	194	121	121
S16-0733	239	241	196	198	237	237			239	239			126	126	190	190	121	121
S16-0737	241	241	194	198	233	233			217	219	261	261			190	194	141	141
S16-0739	241	241	194	198	229	229			217	219	273	273	126	126	194	202	141	141
S16-0742	239	239	194	198	233	237	173	173	219	219	273	273	126	130	190	194	121	141
S16-0743	241	241	194	196	229	229	173	173	217	219	273	273	122	134	182	190	141	141
S16-0746	239	241	196	196	229	229	177	177	217	219	273	277	126	126	182	190	121	141
S16-0747	241	241	196	196			177	177	217	219			126	126	182	190	121	141
S16-0751	241	241	194	198	229	229			217	219	273	273	126	126	194	202	141	141
S16-0753	239	241	194	196	233	233	171	171	217	217	255	285	128	128	190	194	141	141
S16-0771	239	239	194	196	233	233			217	217	255	285	128	128	190	194	141	141
S16-0774	239	239	194	196			173	181	219	221	277	277	130	138	194	194	141	141
S16-0779	241	241	196	196	229	229	177	177	219	223	273	273			194	194	141	141
S16-0780	239	241	194	196	233	233			217	217	255	285	128	128	190	194	141	141
S16-0785			194	198	229	229	173	173	219	219			126	128	194	194	121	141
S16-0800			200	200	229	229	175	177	219	223			122	126	190	190	141	141
S16-0802	241	241	196	200	227	227	161	175	227	231			122	126	182	190	121	141
S16-0815	239	241	196	200	227	231					263	277	122	128	190	194		
S16-0822	239	241	196	200	227	233	175	181	227	231	245	245	122	122	190	190	121	121
S16-0825	239	241	194	196	227	229	177	179	219	231	245	255	134	138	190	190	121	141
S16-0827	239	239	196	198	231	231	177	177	219	219			126	126	182	190	121	121
