		ADCYC		BM6506		CELB9		CERVID1		ETH152		SBTD04		SBTD05		SBTD06		SBTD07		TGLA94	
S15-3164	0	239	239	196	196	229	239	173	177	217	223	255	277	126	126	190	194	-99	-99	121	141
S15-3175	0	-99	-99	194	196	229	229	173	173	223	223	263	263	126	130	190	194	-99	-99	121	141
S15-3176	0	239	241	194	196	229	233	173	173	223	223	-99	-99	126	130	190	194	-99	-99	121	141
S15-3177	180180	239	239	194	196	239	239	173	177	217	217	255	273	126	126	182	190	-99	-99	121	141
S15-3185	180180	239	241	196	196	233	233	173	173	217	223	277	285	126	128	190	190	-99	-99	141	141
S15-3186	0	239	239	198	198	233	233	177	177	223	225	255	277	110	126	182	190	-99	-99	141	141
S15-3187	180180	239	241	194	200	241	241	173	173	217	217	267	267	126	128	194	194	190	194	121	121
S15-3188	0	239	241	194	196	233	239	177	177	217	219	261	273	122	126	190	190	186	186	141	141
S15-3189	180180	239	241	194	196	233	233	177	177	217	219	263	273	110	126	190	190	182	182	121	141
S15-3192	0	239	241	196	196	229	237	177	177	217	219	261	273	126	134	190	198	174	174	121	121
S15-3193	0	239	241	196	198	229	237	177	177	219	219	261	273	126	134	182	194	-99	-99	121	141
S15-3194	0	239	241	196	198	233	237	173	177	217	219	261	261	128	134	182	190	182	186	121	141
S15-3195	0	-99	-99	196	196	233	233	173	173	217	219	-99	-99	122	126	190	194	-99	-99	121	121
S15-3196	0	239	241	196	196	229	233	177	177	217	223	261	261	128	128	182	190	164	186	121	141
S15-3197	180180	239	239	196	200	229	229	177	177	217	219	261	261	126	128	190	198	186	186	121	121
S15-3198	0	239	239	196	196	229	233	173	177	217	217	261	267	126	134	190	202	186	194	121	121
S15-3199	0	241	241	196	196	229	237	177	177	217	219	261	273	126	134	190	198	-99	-99	121	121
S15-3200	0	239	239	196	198	229	233	177	177	219	219	261	263	128	128	190	194	182	186	121	141
S15-3201	0	239	239	194	198	229	231	-99	-99	221	223	261	263	122	128	182	190	-99	-99	121	121
S15-3202	180180	239	239	196	200	229	229	177	177	219	219	-99	-99	126	134	194	198	-99	-99	121	121
S15-3203	0	-99	-99	196	198	237	237	-99	-99	217	217	261	261	128	128	182	190	-99	-99	121	141
S15-3204	0	239	239	196	196	229	233	173	177	217	219	261	267	126	134	190	202	-99	-99	121	121
S15-3205	0	239	241	196	198	233	237	173	177	217	219	261	261	128	134	182	190	-99	-99	121	141
S15-3206	0	239	239	194	198	229	231	-99	-99	221	223	261	263	122	128	182	190	-99	-99	121	121
S15-3207	0	239	241	196	196	229	237	177	177	217	219	261	273	126	134	190	198	182	186	121	121
S15-3208	180180	239	241	194	196	233	233	173	173	217	235	263	267	126	134	190	194	170	170	121	141
S15-3209	0	239	241	196	196	229	233	177	177	217	223	261	261	128	128	182	190	164	164	121	141
S15-3210	180180	239	241	196	198	229	229	173	173	215	223	261	277	126	126	182	194	190	190	141	141
S15-3211	0	239	241	196	196	231	241	177	177	217	223	261	285	126	130	182	194	190	190	121	141
S15-3212	0	239	241	194	196	231	239	173	177	217	223	-99	-99	126	130	-99	-99	-99	-99	121	141
S15-3213	0	239	241	194	196	231	239	173	177	223	223	273	285	126	130	182	190	-99	-99	121	121
S15-3214	0	239	241	196	198	229	229	173	173	215	217	273	285	126	134	182	194	-99	-99	121	129
S15-3216	180180	239	241	196	196	237	237	181	181	223	239	273	285	128	130	190	190	164	164	141	141
S15-3217	180180	239	241	198	198	229	229	177	179	219	219	-99	-99	130	134	190	190	-99	-99	129	141
S15-3218	180180	239	241	196	196	229	229	181	181	223	225	267	273	130	130	190	202	-99	-99	141	141
S15-3219	0	239	241	196	196	229	237	173	173	225	239	267	273	126	126	194	194	178	194	129	141
S15-3220	0	239	241	196	196	231	241	177	177	217	223	261	285	126	130	182	194	-99	-99	121	141
S15-3221	0	239	241	194	194	239	241	173	177	215	223	261	285	126	130	182	194	206	206	121	141
S15-3223	0	239	241	194	196	231	239	173	177	223	223	273	285	126	130	182	190	-99	-99	121	121
S15-3225	0	239	239	196	196	229	239	177	177	217	223	277	285	130	134	190	202	194	194	121	141
S15-3226	0	239	239	196	196	229	239	177	177	217	223	277	285	130	134	190	202	-99	-99	121	141
S15-3227	0	239	241	196	196	231	241	177	177	217	223	261	285	126	130	182	194	-99	-99	121	141
S15-3228	0	239	241	194	196	231	239	173	177	223	223	273	285	126	130	182	190	-99	-99	121	121
S15-3229	0	239	241	196	196	231	241	177	177	217	223	261	285	126	130	182	194	-99	-99	121	141
S15-3230	0	239	241	198	202	229	229	173	177	217	239	-99	-99	126	130	194	194	-99	-99	141	141
S15-3231	0	241	241	194	198	229	229	177	177	217	217	263	273	126	130	190	194	194	194	121	141
S15-3233	0	-99	-99	194	196	231	239	173	177	223	223	273	285	126	130	182	190	-99	-99	121	121
S15-3234	180180	239	241	196	198	229	229	173	173	215	223	261	277	126	126	182	194	190	194	141	141
S15-3235	180180	239	241	194	196	231	231	173	173	217	239	273	285	134	138	190	190	182	198	141	141
S15-3236	0	239	241	194	196	231	239	173	177	223	223	273	285	126	130	182	190	-99	-99	121	121
S15-3237	180180	239	241	194	196	231	231	173	173	217	239	273	285	134	138	190	190	182	198	141	141
S15-3238	0	239	241	194	194	239	241	173	177	215	223	261	261	126	130	182	194	-99	-99	121	141
S15-3239	0	239	241	196	198	229	229	173	173	215	217	273	285	126	134	182	194	194	198	121	129
S15-3240	0	239	241	196	198	229	229	173	173	215	217	273	285	126	134	182	194	194	198	121	129
S16-0089	0	239	239	-99	-99	-99	-99	173	173	-99	-99	261	261	126	134	190	190	186	186	121	121
S16-0091	0	239	239	194	198	229	231	-99	-99	-99	-99	261	263	122	128	182	190	186	194	121	121
S16-0092	0	239	239	196	198	229	233	177	177	219	219	261	263	126	128	190	194	182	186	121	141
S16-0093	0	239	241	196	198	229	233	173	177	217	219	261	273	126	130	190	190	190	194	141	141
S16-0094	0	239	239	194	198	229	231	-99	-99	221	223	261	263	122	128	182	190	186	194	121	121
S16-0095	0	239	241	196	196	229	233	177	177	217	223	261	261	128	128	182	190	164	186	121	141
S16-0096	180180	241	241	196	196	227	227	177	177	217	227	-99	-99	130	134	182	182	194	194	141	141
S16-0097	0	-99	-99	196	196	227	227	-99	-99	217	217	-99	-99	130	134	182	182	194	194	141	141
S16-0098	0	241	241	196	198	229	229	-99	-99	219	219	261	273	126	130	190	190	-99	-99	141	141
S16-0099	0	239	241	196	196	229	233	177	177	217	223	261	261	128	128	182	190	164	186	121	141
S16-0100	180180	241	241	196	196	227	227	177	181	217	217	261	261	130	134	182	194	194	194	141	141
S16-0101	180180	239	241	194	198	233	233	175	181	215	219	261	277	126	130	190	194	186	198	141	141
S16-0102	180180	239	239	198	198	227	227	173	177	217	217	267	267	126	134	190	190	186	186	121	121
S16-0104	0	239	241	196	198	229	233	173	177	217	219	261	273	126	130	190	190	190	194	141	141
S16-0105	180180	241	241	196	196	227	227	177	181	217	227	261	273	130	134	182	194	194	194	141	141
S16-0107	0	-99	-99	196	198	229	233	177	177	217	217	273	273	126	130	190	190	186	186	121	141
S16-0109	0	-99	-99	196	196	229	229	171	171	217	217	-99	-99	126	134	-99	-99	-99	-99	121	121
S16-0111	180180	239	239	-99	-99	229	229	177	177	217	219	-99	-99	126	128	194	194	190	194	141	141
S16-0112	180180	241	241	196	196	227	227	177	181	217	227	273	285	130	134	182	194	194	194	141	141
S16-0114	0	239	241	194	196	229	231	-99	-99	217	219	267	267	126	126	182	194	190	194	121	141
S16-0115	180180	239	241	196	198	229	229	173	173	215	223	261	277	126	126	182	194	190	194	141	141
S16-0117	0	239	239	196	196	229	239	177	177	217	223	277	285	130	134	190	202	194	198	121	141
S16-0118	0	239	241	194	196	237	239	177	177	223	239	273	273	126	134	182	202	190	194	121	141
S16-0119	0	239	241	196	196	231	241	177	177	217	223	261	285	126	130	182	194	190	194	121	141
S16-0120	180180	-99	-99	196	196	227	227	-99	-99	217	217	255	255	128	134	194	194	194	194	141	141
S16-0121	180180	241	241	198	202	229	229	173	173	223	239	261	261	126	130	182	194	186	194	129	129
S16-0122	0	239	241	194	196	231	239	173	177	223	223	273	285	126	130	182	190	190	194	121	121
S16-0123	0	239	239	196	196	229	239	177	177	217	223	277	277	130	134	190	202	194	198	121	141
S16-0124	0	239	241	196	196	231	241	177	177	217	223	261	285	126	130	182	194	190	194	121	141
S16-0125	0	241	241	194	196	229	237	173	173	223	225	277	285	128	138	190	194	194	194	121	141
S16-0126	0	239	241	194	194	239	241	173	177	215	223	261	285	126	130	182	194	190	194	121	141
S16-0127	0	241	241	196	196	233	235	173	177	215	215	277	285	130	130	190	190	170	186	121	141
S16-0128	0	239	241	194	196	235	235	173	173	225	239	277	285	126	130	190	190	186	186	121	141
S16-0129	0	239	239	196	196	229	233	173	181	217	225	267	267	126	130	182	190	186	194	129	141
S16-0130	0	241	241	194	196	229	237	173	173	223	225	285	285	128	138	190	194	194	194	121	141
S16-0131	0	239	241	194	196	233	237	173	173	219	223	261	277	126	128	194	202	190	194	121	121
S16-0132	0	239	241	194	196	233	237	173	173	219	223	261	277	126	128	194	202	190	194	121	121
S16-0133	0	239	239	196	196	229	233	173	181	217	225	267	267	126	130	182	190	186	194	129	141
S16-0134	0	239	239	196	196	229	233	173	173	217	217	267	267	126	130	182	190	186	194	129	141
S16-0135	0	241	241	196	196	233	235	173	177	215	215	277	285	130	130	190	190	170	186	121	141
S16-0136	0	239	241	194	196	233	237	173	173	219	223	277	277	126	128	194	202	190	194	121	141
S16-0137	0	241	241	196	196	233	235	173	177	215	225	277	285	130	130	190	190	170	186	121	141
S16-0138	0	241	241	194	196	229	237	173	173	223	225	277	285	128	138	190	194	194	194	121	141
S16-0139	0	239	241	194	196	233	237	173	173	223	225	261	277	128	138	190	194	190	194	121	141
S16-0140	180180	239	239	196	196	239	239	177	177	-99	-99	-99	-99	130	130	182	182	186	186	121	141
S16-0141	180180	241	241	200	200	231	231	173	173	223	225	261	267	134	138	182	194	170	194	121	141
S16-0142	0	241	241	196	196	233	235	173	177	215	225	277	285	130	130	190	190	170	186	121	141
S16-0143	180180	239	239	194	196	233	233	173	173	223	223	273	285	126	130	194	194	170	194	121	121
S16-0144	0	-99	-99	196	196	-99	-99	173	173	223	225	-99	-99	128	138	190	194	194	194	121	141
S16-0145	180180	239	239	196	196	237	237	173	177	217	239	273	277	134	138	182	202	186	194	121	141
S16-0148	0	239	241	194	196	233	237	173	173	219	219	261	277	126	128	194	202	190	190	121	121
S16-0149	0	241	241	196	196	233	235	173	177	215	225	277	285	130	130	190	190	170	186	121	141
S16-0150	0	-99	-99	196	196	231	231	179	179	-99	-99	255	267	126	128	190	194	190	194	121	141
S16-0151	0	239	239	194	194	229	233	173	177	225	235	267	273	126	134	190	194	190	190	121	141
S16-0152	180180	239	239	196	196	233	233	173	173	217	217	261	285	130	134	198	202	170	198	141	141
S16-0154	180180	239	241	194	198	233	233	173	177	217	239	255	277	128	128	182	190	194	198	141	141
S16-0155	180180	239	239	196	200	233	233	173	177	215	217	255	285	122	130	190	190	170	186	141	141
S16-0156	0	239	241	194	196	229	229	173	181	217	217	267	277	126	134	182	194	190	190	121	141
S16-0157	0	239	241	194	196	231	233	173	181	217	217	263	267	126	128	194	198	190	190	121	121
S16-0158	0	239	241	194	196	231	233	179	181	217	219	255	267	126	128	190	194	190	194	121	141
S16-0159	180180	-99	-99	194	194	233	233	181	181	-99	-99	255	255	128	134	190	190	194	194	141	141
S16-0160	180180	241	241	194	198	-99	-99	173	173	-99	-99	255	277	128	138	190	190	-99	-99	141	141
S16-0161	0	239	241	196	196	229	231	177	181	219	219	267	273	126	138	190	190	190	190	121	141
S16-0162	0	239	241	196	196	229	231	177	181	219	219	267	273	126	138	190	190	190	190	121	141
S16-0163	0	239	239	194	194	-99	-99	173	173	217	217	273	273	126	134	190	194	190	190	121	141
S16-0164	0	241	241	198	198	229	237	173	173	219	219	273	285	126	130	182	182	182	190	121	141
S16-0165	180180	239	239	194	196	229	229	177	181	215	217	255	277	126	126	194	194	190	190	121	121
S16-0166	180180	239	239	196	200	233	233	173	177	215	217	255	285	122	130	190	190	170	170	141	141
S16-0168	0	-99	-99	194	194	229	229	173	181	215	217	-99	-99	126	126	182	194	-99	-99	121	141
S16-0169	0	239	241	196	200	229	237	177	177	225	225	273	273	130	134	190	198	194	194	121	141
S16-0170	0	239	241	196	196	229	231	177	181	219	219	267	273	126	138	190	190	-99	-99	121	141
S16-0171	180180	239	239	196	200	233	233	173	177	215	217	255	285	122	130	190	190	-99	-99	141	141
S16-0172	180180	239	239	196	200	233	233	173	177	215	217	255	285	122	130	190	190	170	170	141	141
S16-0173	180180	239	239	196	198	233	233	173	173	217	225	267	285	128	128	190	194	-99	-99	121	121
S16-0174	180180	239	241	194	202	233	233	173	173	219	223	263	267	130	130	190	194	-99	-99	121	141
S16-0175	0	239	239	196	196	229	233	173	173	217	219	263	285	126	134	190	194	186	186	121	141
S16-0176	180180	239	241	194	196	229	229	181	181	217	225	273	273	110	126	190	194	190	194	121	129
S16-0177	180180	239	241	194	196	229	229	181	181	217	225	273	273	110	126	190	194	-99	-99	121	129
S16-0179	180180	239	239	194	194	237	237	177	177	219	219	267	273	126	126	194	194	-99	-99	121	121
S16-0180	180180	239	239	194	194	237	237	173	173	217	223	267	273	134	134	190	194	-99	-99	141	141
S16-0183	0	239	239	196	198	229	229	175	181	217	239	267	267	110	126	194	202	-99	-99	141	141
S16-0184	180180	239	239	194	194	-99	-99	173	173	217	223	-99	-99	134	134	190	194	-99	-99	141	141
S16-0185	180180	239	239	194	194	237	237	177	177	219	219	267	273	126	126	194	194	-99	-99	121	121
S16-0186	0	239	241	194	196	229	229	173	173	223	225	263	273	126	128	190	194	-99	-99	121	141
S16-0187	0	239	239	196	198	229	233	181	181	217	219	-99	-99	126	128	190	194	-99	-99	121	141
S16-0188	0	241	241	196	196	229	229	177	177	223	225	267	267	110	128	190	190	-99	-99	121	141
S16-0189	0	239	239	196	196	233	233	173	175	217	217	277	285	126	126	194	198	-99	-99	141	141
S16-0190	0	239	239	196	196	233	233	173	175	217	217	285	285	126	126	194	198	-99	-99	141	141
S16-0192	0	239	241	194	196	229	229	173	173	225	225	263	273	126	128	190	194	-99	-99	121	141
S16-0193	180180	239	239	196	198	233	233	177	181	217	219	255	285	126	126	190	194	-99	-99	121	141
S16-0194	0	241	241	196	198	229	233	173	175	217	219	267	285	126	126	194	194	-99	-99	121	141
S16-0195	0	239	239	196	196	233	237	-99	-99	217	223	273	273	126	134	182	198	-99	-99	141	141
S16-0199	180180	239	241	194	196	229	229	181	181	217	225	273	273	110	126	190	194	-99	-99	121	129
S16-0200	180180	239	241	194	196	229	229	181	181	217	225	273	273	110	126	190	194	-99	-99	121	129
S16-0201	0	239	241	194	198	229	237	177	181	223	223	261	267	126	126	190	194	-99	-99	141	141
S16-0202	180180	239	239	194	200	241	241	177	181	217	223	255	255	126	134	190	198	190	190	121	141
S16-0204	180180	241	241	194	196	229	229	181	181	217	223	263	267	126	128	190	190	-99	-99	121	141
S16-0205	0	239	239	196	198	229	229	175	181	217	239	267	267	110	126	194	202	-99	-99	141	141
S16-0206	0	241	241	194	194	229	237	173	177	217	219	261	263	110	126	190	194	-99	-99	121	141
S16-0207	0	239	241	194	198	229	237	177	181	223	223	261	267	126	126	190	194	-99	-99	141	141
S16-0208	180180	239	239	194	194	-99	-99	173	173	217	223	-99	-99	134	134	190	194	-99	-99	141	141
S16-0209	0	239	239	196	198	229	229	175	181	217	239	267	267	110	126	194	202	-99	-99	141	141
S16-0210	0	241	241	194	194	229	237	173	173	217	219	263	263	110	126	190	194	-99	-99	121	141
S16-0211	0	239	241	196	198	229	229	181	181	223	239	263	263	110	126	190	202	-99	-99	121	141
S16-0212	180180	239	239	194	194	237	237	173	173	217	223	-99	-99	134	134	190	194	-99	-99	141	141
S16-0213	0	239	239	194	196	233	233	173	175	217	217	277	277	126	126	194	198	-99	-99	141	141
S16-0214	180180	239	241	196	196	229	229	179	179	217	219	277	277	126	128	190	198	-99	-99	121	141
S16-0215	0	239	239	196	196	233	233	173	175	217	217	277	285	126	126	194	198	-99	-99	141	141
S16-0216	0	239	239	196	198	229	229	181	181	217	223	273	273	126	134	190	198	-99	-99	121	121
S16-0217	0	239	239	194	196	229	233	179	181	223	225	263	273	126	126	194	194	186	186	121	141
S16-0218	0	241	241	194	194	-99	-99	177	177	217	223	-99	-99	126	126	190	194	-99	-99	121	141
S16-0219	180180	239	239	196	196	229	229	175	177	217	223	267	273	126	126	194	198	-99	-99	121	121
S16-0222	180180	241	241	194	194	-99	-99	173	177	219	219	273	273	126	126	182	190	-99	-99	121	141
S16-0223	180180	239	239	196	200	229	229	173	173	217	223	261	273	126	130	194	194	-99	-99	121	141
S16-0224	180180	239	241	196	198	231	231	177	177	219	225	255	269	126	134	190	190	-99	-99	141	141
S16-0225	180180	241	241	196	198	231	231	177	177	219	225	255	269	126	134	190	190	-99	-99	141	141
S16-0226	180180	-99	-99	194	194	231	231	173	181	215	219	-99	-99	134	134	194	194	-99	-99	121	121
S16-0227	180180	241	241	194	200	233	233	181	181	217	227	261	261	128	134	194	194	-99	-99	129	141
S16-0228	180180	241	241	194	194	231	231	173	181	215	219	267	267	134	134	194	194	-99	-99	121	121
S16-0229	0	239	241	194	198	233	235	173	181	219	239	261	285	126	134	194	194	-99	-99	121	141
S16-0230	0	239	241	194	198	233	235	173	181	219	239	261	285	126	134	194	194	-99	-99	121	141
S16-0231	180180	239	241	196	198	231	231	177	177	219	225	255	269	126	134	190	190	-99	-99	141	141
S16-0232	180180	239	241	196	198	231	231	177	177	219	225	255	269	126	134	190	190	-99	-99	141	141
S16-0233	180180	241	241	194	200	233	233	181	181	217	227	261	261	128	134	194	194	-99	-99	129	141
S16-0235	180180	241	241	196	200	231	231	173	181	219	239	269	273	128	130	194	194	198	198	121	121
S16-0236	180180	241	241	196	200	231	231	173	181	219	239	269	273	128	130	194	194	198	198	121	121
S16-0237	180180	241	241	196	200	231	231	173	181	219	239	269	273	128	130	194	194	198	198	121	121
S16-0238	180180	241	241	194	200	233	233	181	181	217	227	261	261	128	134	194	194	186	186	129	141
S16-0239	180180	241	241	194	200	233	233	181	181	217	227	261	261	128	134	194	194	-99	-99	129	141
S16-0240	180180	241	241	194	194	231	231	173	181	215	219	267	267	134	134	194	194	-99	-99	121	121
S16-0241	180180	241	241	194	200	233	233	181	181	217	227	261	261	128	134	194	194	-99	-99	129	141
S16-0242	180180	241	241	196	198	-99	-99	177	177	219	225	255	255	126	134	190	190	-99	-99	141	141
S16-0243	180180	241	241	196	198	-99	-99	177	177	219	225	-99	-99	126	126	190	190	-99	-99	141	141
S16-0245	180180	239	239	196	198	-99	-99	177	177	219	219	-99	-99	126	134	190	190	-99	-99	141	141
S16-0246	180180	241	241	194	200	233	233	181	181	217	227	261	261	128	134	194	194	-99	-99	129	141
S16-0247	180180	241	241	196	198	231	231	177	177	219	225	255	255	126	134	190	190	-99	-99	141	141
S16-0248	180180	239	241	196	198	231	231	177	177	219	225	255	269	126	134	190	190	-99	-99	141	141
S16-0249	180180	241	241	194	194	231	231	173	181	215	219	267	267	134	134	194	194	-99	-99	121	121
S16-0250	0	239	241	198	198	229	239	173	173	215	219	255	255	126	134	194	194	190	190	129	141
S16-0251	0	239	241	198	198	229	229	171	173	215	219	255	255	126	134	194	194	-99	-99	129	141
S16-0252	0	239	241	198	198	229	239	173	173	215	219	255	255	126	134	194	194	-99	-99	129	141
S16-0253	0	239	241	194	198	237	239	-99	-99	215	235	255	267	130	134	190	194	-99	-99	121	129
S16-0254	180180	241	241	194	194	231	231	173	181	215	219	267	267	134	134	194	194	174	174	121	121
S16-0255	180180	239	239	194	200	-99	-99	177	177	-99	-99	261	261	128	128	190	194	-99	-99	121	141
S16-0256	180180	239	241	196	196	229	229	177	181	217	225	273	273	126	134	182	190	-99	-99	121	141
S16-0257	0	239	239	194	196	229	229	-99	-99	217	225	267	285	128	128	190	194	-99	-99	141	141
S16-0258	0	239	239	194	196	229	229	-99	-99	217	225	267	285	128	128	190	194	-99	-99	141	141
S16-0259	0	239	239	194	196	229	229	-99	-99	217	225	267	285	128	128	190	194	-99	-99	141	141
S16-0261	0	239	239	194	196	233	233	173	173	215	219	261	267	126	130	182	190	186	186	141	141
S16-0262	0	239	239	194	196	229	229	-99	-99	217	225	267	285	126	128	190	194	190	194	141	141
S16-0263	180180	239	239	198	198	231	231	177	177	217	219	273	273	122	134	190	194	186	186	121	141
S16-0267	0	241	241	194	194	229	229	177	177	217	219	263	285	126	126	190	190	170	170	121	141
S16-0268	0	241	241	194	194	229	229	177	177	217	219	263	285	126	126	190	190	170	170	121	141
S16-0269	0	239	241	194	196	229	237	173	177	217	219	267	281	126	128	190	194	190	194	121	141
S16-0270	180180	239	239	196	198	229	229	173	173	217	217	261	273	126	128	190	198	170	194	141	141
S16-0271	0	241	241	194	194	229	229	177	177	217	219	263	285	126	126	190	190	170	170	121	141
S16-0272	0	241	241	194	194	229	229	177	177	217	219	263	285	126	126	190	190	170	170	121	141
S16-0273	180180	241	241	196	196	229	229	177	181	217	217	273	273	126	134	182	190	170	194	121	141
S16-0274	180180	241	241	196	196	229	229	177	181	217	217	273	273	126	134	182	190	170	194	121	141
S16-0275	0	241	241	194	194	229	229	177	177	217	217	263	263	126	126	190	190	170	170	121	141
S16-0276	0	241	241	194	194	229	229	177	177	217	219	263	285	126	126	190	190	170	170	121	141
S16-0277	180180	241	241	196	196	229	229	177	181	217	217	273	273	126	134	182	190	170	194	121	141
S16-0278	0	239	241	194	196	229	237	173	177	217	219	267	281	126	128	190	194	190	190	121	141
S16-0279	0	241	241	194	194	229	229	177	177	217	219	263	285	126	126	190	190	170	170	121	141
S16-0280	0	241	241	194	194	229	229	177	177	217	219	263	285	126	126	190	190	170	170	121	141
S16-0281	0	239	241	194	196	229	237	173	177	217	219	267	281	126	128	190	194	190	194	121	141
S16-0282	0	239	241	194	194	229	237	173	177	217	219	267	281	126	128	190	194	-99	-99	121	141
S16-0283	180180	239	239	196	196	237	237	177	181	217	221	263	267	130	130	182	190	194	194	141	141
S16-0284	0	241	241	194	194	229	229	177	177	217	219	263	285	126	126	190	190	170	174	121	141
S16-0285	180180	239	239	196	196	237	237	177	181	217	221	263	267	130	130	182	190	194	194	141	141
S16-0286	0	241	241	194	194	229	229	177	177	217	219	263	285	126	126	190	190	170	170	121	141
S16-0287	0	239	241	194	196	229	237	173	177	217	219	267	281	126	128	190	194	190	194	121	141
S16-0288	0	239	241	194	196	229	237	173	177	217	219	267	267	126	128	190	194	190	194	121	141
S16-0289	0	241	241	194	194	229	237	-99	-99	217	217	263	267	126	138	190	194	170	170	121	141
S16-0290	0	241	241	194	194	229	237	-99	-99	217	217	263	267	126	138	190	194	170	170	121	141
S16-0294	180180	241	241	196	196	229	229	177	181	217	217	273	273	126	134	182	190	170	170	121	141
S16-0295	0	239	239	194	196	229	229	-99	-99	217	225	267	285	128	128	190	194	194	194	141	141
S16-0296	0	239	239	194	196	229	229	-99	-99	217	225	267	285	128	128	190	194	190	194	141	141
S16-0297	0	239	239	194	196	233	233	173	173	215	219	261	267	126	130	182	190	186	186	141	141
S16-0298	180180	241	241	196	196	229	229	177	181	217	217	273	273	126	134	182	190	170	194	121	141
S16-0299	180180	241	241	196	196	229	229	177	181	217	217	273	273	126	134	182	190	170	194	121	141
S16-0300	180180	241	241	196	196	229	229	177	181	217	217	273	273	126	134	182	190	170	194	121	141
S16-0301	180180	239	239	196	198	231	231	177	177	217	219	263	273	122	134	190	194	194	198	121	141
S16-0303	0	241	241	194	194	229	237	-99	-99	217	217	263	267	126	138	190	194	170	170	121	141
S16-0304	180180	241	241	-99	-99	229	237	173	177	217	219	267	281	126	128	190	190	190	194	121	141
S16-0305	0	241	241	194	194	229	229	177	177	217	219	263	285	126	126	190	190	170	170	121	141
S16-0306	180180	239	239	196	196	237	237	177	181	217	221	263	267	130	130	182	190	194	194	141	141
S16-0307	0	241	241	194	194	229	229	177	177	217	219	263	285	126	126	190	190	170	170	121	141
S16-0308	180180	239	239	196	198	231	231	177	177	217	219	263	273	122	134	190	194	194	198	121	141
S16-0309	0	239	241	194	196	229	237	173	177	217	219	267	281	126	128	190	194	190	194	121	141
S16-0310	0	239	239	194	194	237	237	173	177	217	217	267	281	126	128	190	194	194	194	121	141
S16-0311	180180	241	241	196	196	229	229	177	181	217	217	273	273	126	134	182	190	170	170	121	141
S16-0312	0	241	241	194	194	229	237	-99	-99	217	217	263	267	126	138	190	194	170	170	121	141
S16-0313	180180	241	241	194	198	229	229	173	177	217	217	267	285	126	126	190	190	170	194	141	141
S16-0314	0	239	239	194	196	229	229	-99	-99	217	225	267	285	128	128	190	194	190	194	141	141
S16-0318	0	239	241	196	196	229	229	177	177	217	219	261	285	128	134	194	194	-99	-99	121	141
S16-0319	0	239	239	194	196	229	229	-99	-99	217	225	267	285	128	128	190	194	190	194	141	141
S16-0320	0	-99	-99	194	196	229	229	-99	-99	225	225	285	285	128	128	190	194	190	190	141	141
S16-0321	0	239	239	194	196	229	229	-99	-99	217	225	267	285	128	128	190	194	190	194	141	141
S16-0322	0	239	239	194	196	229	229	-99	-99	217	225	267	285	126	128	190	194	190	190	141	141
S16-0324	180180	241	241	196	196	229	229	177	181	217	217	273	273	126	134	182	190	170	170	121	141
S16-0325	0	241	241	194	194	229	229	177	177	217	219	263	285	126	126	190	190	170	170	121	141
S16-0326	180180	239	239	196	198	229	229	173	173	217	217	261	273	126	128	190	198	170	194	141	141
S16-0327	0	-99	-99	194	196	229	229	173	173	217	219	-99	-99	126	128	190	194	-99	-99	121	141
S16-0328	0	241	241	194	194	229	237	-99	-99	217	217	263	267	126	138	190	194	170	170	121	141
S16-0329	180180	239	239	196	198	231	231	177	177	217	219	263	273	122	134	190	194	194	198	121	141
S16-0330	180180	241	241	196	196	229	229	177	181	217	217	273	273	126	134	182	190	170	194	121	141
S16-0331	0	239	241	194	196	229	237	173	177	217	219	267	281	126	128	190	194	190	194	121	141
S16-0332	0	241	241	194	194	229	229	177	177	217	219	263	285	126	126	190	190	170	170	121	141
S16-0333	180180	239	239	194	196	235	235	177	181	217	219	261	273	122	126	190	194	170	194	121	141
S16-0335	0	239	239	194	196	229	229	-99	-99	217	225	267	285	128	128	190	194	190	194	141	141
S16-0336	0	239	239	194	196	229	229	-99	-99	217	225	267	285	126	128	190	194	190	194	141	141
S16-0337	0	239	239	194	196	233	233	173	173	215	219	261	267	126	130	182	190	186	186	141	141
S16-0338	180180	241	241	196	196	229	229	177	181	217	217	273	273	126	134	182	190	170	194	121	141
S16-0339	0	239	239	194	196	229	229	-99	-99	-99	-99	267	285	128	128	190	194	190	190	141	141
S16-0340	180180	239	239	196	196	237	237	177	181	217	221	263	267	130	130	182	190	194	194	141	141
S16-0341	180180	239	239	196	198	231	231	177	177	217	219	263	273	122	134	190	194	194	198	121	141
S16-0342	0	239	241	196	196	231	237	177	179	217	219	273	285	126	130	182	198	170	186	121	141
S16-0345	180180	239	241	194	196	229	229	179	179	217	225	273	277	126	126	194	198	186	186	121	141
S16-0346	0	241	241	196	196	229	231	179	179	223	225	273	273	126	130	190	198	186	186	141	141
S16-0350	180180	241	241	194	196	233	237	-99	-99	217	235	255	267	126	126	194	194	164	186	141	141
S16-0352	180180	239	241	194	202	231	231	177	177	219	223	269	273	128	130	190	194	194	194	121	141
S16-0353	180180	239	239	194	196	237	237	177	177	217	223	285	285	126	134	190	190	186	186	121	121
S16-0354	0	241	241	196	196	237	237	173	179	-99	-99	285	285	126	126	190	198	186	190	141	141
S16-0357	0	239	239	196	198	231	237	-99	-99	217	217	-99	-99	128	128	190	202	-99	-99	121	141
S16-0358	180180	239	241	194	196	237	239	173	173	217	219	267	273	128	134	194	194	164	164	121	141
S16-0359	180180	239	239	196	196	237	237	-99	-99	217	217	267	273	128	128	194	194	164	164	121	141
S16-0360	180180	239	241	194	196	229	229	-99	-99	217	219	277	277	126	128	194	194	164	164	121	141
S16-0361	180180	239	239	196	196	237	237	171	171	217	217	267	273	128	128	194	194	164	164	121	141
S16-0362	0	241	241	194	194	237	237	171	177	217	223	261	273	126	126	182	194	-99	-99	141	141
S16-0363	180180	239	239	194	198	229	229	-99	-99	219	219	267	285	126	126	190	194	-99	-99	121	141
S16-0365	180180	239	239	194	200	229	229	173	175	219	223	273	285	128	138	190	190	-99	-99	121	141
S16-0367	180180	239	241	196	198	229	229	173	173	217	221	261	263	122	126	182	194	170	170	121	141
S16-0370	0	-99	-99	198	198	237	237	171	173	217	217	-99	-99	128	128	194	194	-99	-99	121	141
S16-0374	180180	241	241	194	198	237	237	173	177	217	219	255	285	128	128	182	182	-99	-99	121	141
S16-0375	0	241	241	194	194	237	237	177	177	217	223	261	273	126	134	182	194	164	164	141	141
S16-0376	180180	239	239	196	198	229	229	173	181	217	219	-99	-99	128	128	194	194	164	164	141	141
S16-0377	0	239	241	196	196	235	241	173	173	217	219	263	273	126	134	194	194	164	164	141	141
S16-0378	180180	239	239	194	200	229	229	173	175	219	223	273	285	128	138	190	190	-99	-99	121	141
S16-0381	0	239	241	196	196	229	237	173	181	219	219	263	267	126	126	190	194	-99	-99	141	141
S16-0382	180180	239	239	194	196	229	229	173	177	219	235	267	277	122	122	190	194	164	164	121	141
S16-0383	0	239	239	196	196	229	235	177	179	219	235	261	267	122	126	182	194	164	164	121	141
S16-0386	0	239	239	196	196	229	235	177	179	219	235	261	267	122	126	182	194	164	164	121	141
S16-0388	180180	239	239	200	200	229	229	173	175	219	223	-99	-99	128	138	190	190	-99	-99	121	141
S16-0389	180180	241	241	194	198	237	237	173	177	217	219	255	285	128	128	182	182	190	194	121	141
S16-0390	801801	412	412	981	941	372	372	771	731	192	172	852	552	281	281	821	821	-99	-99	411	211
S16-0391	0	-99	-99	981	961	372	292	771	731	-99	-99	-99	-99	381	301	941	901	701	641	411	211
S16-0392	0	392	392	961	961	-99	-99	791	771	-99	-99	-99	-99	-99	-99	941	821	-99	-99	411	211
S16-0393	0	412	412	961	961	372	292	811	731	192	192	672	632	261	261	941	901	981	981	411	411
S16-0394	0	392	392	961	961	352	292	791	771	352	192	672	612	-99	-99	941	821	641	641	411	211
S16-0395	801801	412	412	-99	-99	372	372	771	731	-99	-99	552	552	281	281	821	821	-99	-99	411	211
S16-0398	801801	392	392	961	941	292	292	731	731	-99	-99	-99	-99	261	261	941	941	-99	-99	411	211
S16-0399	0	412	412	941	941	372	372	771	771	-99	-99	-99	-99	261	261	-99	-99	-99	-99	411	411
S16-0401	0	412	412	961	961	-99	-99	811	731	192	192	-99	-99	261	261	941	901	-99	-99	411	411
S16-0407	801801	412	412	-99	-99	352	352	731	731	192	192	732	732	301	301	941	821	641	641	411	211
S16-0411	0	-99	-99	961	941	292	292	731	731	352	192	-99	-99	261	261	941	901	-99	-99	411	291
S16-0414	0	392	392	961	961	292	292	731	731	-99	-99	772	772	381	381	-99	-99	-99	-99	411	211
S16-0416	0	392	392	-99	-99	-99	-99	771	731	-99	-99	-99	-99	261	261	941	941	-99	-99	411	411
S16-0417	801801	392	392	961	941	352	292	-99	-99	192	172	732	732	-99	-99	901	901	-99	-99	411	211
S16-0418	0	392	392	-99	-99	-99	-99	711	711	-99	-99	732	732	281	281	901	901	-99	-99	411	211
S16-0421	0	392	392	961	961	412	352	771	731	232	172	-99	-99	-99	-99	941	941	-99	-99	411	411
S16-0422	0	392	392	961	961	352	292	791	771	352	192	672	612	261	221	941	821	641	641	411	211
S16-0423	0	-99	-99	961	961	292	292	811	731	-99	-99	612	612	-99	-99	941	821	-99	-99	411	211
S16-0425	801801	392	392	961	941	372	372	731	731	192	192	852	732	-99	-99	981	901	-99	-99	411	211
S16-0427	801801	392	392	-99	-99	292	292	-99	-99	192	192	-99	-99	261	261	941	901	-99	-99	411	211
S16-0428	0	392	392	961	961	412	352	731	731	-99	-99	632	632	-99	-99	941	941	641	641	411	411
S16-0429	801801	-99	-99	961	961	372	372	751	751	192	192	-99	-99	281	281	941	901	-99	-99	411	291
S16-0430	0	392	392	-99	-99	372	292	-99	-99	-99	-99	-99	-99	-99	-99	941	941	-99	-99	411	211
S16-0432	801801	412	412	961	961	292	292	731	731	192	192	672	632	-99	-99	901	901	-99	-99	411	211
S16-0433	801801	412	412	961	961	292	292	731	731	192	192	672	632	-99	-99	901	901	981	941	411	211
S16-0434	0	-99	-99	-99	-99	-99	-99	-99	-99	-99	-99	672	672	-99	-99	-99	-99	-99	-99	411	211
S16-0435	801801	412	412	961	961	372	372	751	751	192	192	-99	-99	-99	-99	941	901	-99	-99	411	291
S16-0436	801801	392	392	961	941	372	372	731	731	192	192	852	732	381	301	981	901	861	641	411	211
S16-0437	0	392	392	961	941	-99	-99	751	731	192	192	-99	-99	-99	-99	941	901	-99	-99	411	291
S16-0438	801801	-99	-99	961	961	-99	-99	751	751	192	192	-99	-99	281	281	941	901	220	22	411	291
S16-0441	0	412	392	961	961	412	352	731	731	-99	-99	632	632	341	261	941	941	-99	-99	411	411
S16-0446	801801	412	392	981	961	292	292	811	731	192	172	732	672	281	281	941	941	641	641	411	411
S16-0447	0	412	412	961	961	372	292	811	731	192	192	672	632	261	261	941	901	-99	-99	411	411
S16-0448	801801	392	392	-99	-99	292	292	731	731	172	172	-99	-99	281	261	-99	-99	-99	-99	-99	-99
S16-0449	801801	-99	-99	-99	-99	292	292	731	731	-99	-99	-99	-99	-99	-99	-99	-99	641	641	-99	-99
S16-0450	801801	412	412	961	961	292	292	751	751	192	172	852	732	281	281	941	941	-99	-99	411	211
S16-0451	801801	412	392	961	961	292	292	-99	-99	172	172	-99	-99	281	281	941	821	-99	-99	411	411
S16-0454	801801	392	392	961	941	372	372	731	731	192	192	852	732	381	301	981	901	861	641	411	211
S16-0455	0	392	392	961	961	412	352	771	731	232	172	-99	-99	341	261	941	941	641	641	411	411
S16-0456	801801	412	412	961	961	372	372	751	751	192	192	-99	-99	341	281	941	901	981	981	411	291
S16-0457	0	392	392	961	941	352	292	-99	-99	192	172	732	732	341	281	901	901	641	641	411	211
S16-0458	801801	412	412	961	961	292	292	731	731	192	192	672	632	301	281	901	901	981	941	411	211
S16-0459	0	412	392	961	961	292	292	811	731	192	172	612	612	261	221	941	821	981	641	411	211
S16-0462	801801	392	392	941	941	-99	-99	731	731	-99	-99	632	552	-99	-99	941	941	-99	-99	411	211
S16-0463	801801	392	392	981	941	-99	-99	731	731	352	172	772	632	261	261	981	901	941	641	411	291
S16-0464	801801	412	392	981	961	372	292	771	731	-99	-99	772	672	381	301	941	901	-99	-99	411	211
S16-0465	0	392	392	981	961	352	292	771	731	352	232	772	672	261	261	941	941	981	861	411	411
S16-0466	0	392	392	961	961	372	352	-99	-99	352	172	672	552	301	261	941	941	861	861	411	411
S16-0467	801801	392	392	961	941	292	292	731	731	252	172	632	552	261	261	941	941	981	901	411	211
S16-0468	801801	392	392	961	941	372	352	731	731	352	192	732	672	261	261	981	941	861	641	411	411
S16-0471	801801	412	412	961	961	372	372	751	751	192	192	732	732	341	281	941	901	-99	-99	411	291
S16-0472	0	392	392	961	961	292	292	731	731	352	212	772	772	381	261	941	821	981	701	411	211
S16-0473	0	392	392	961	961	292	292	731	731	352	212	772	772	381	261	941	821	981	701	411	211
S16-0474	0	392	392	981	961	352	292	771	731	352	232	772	672	261	261	941	941	981	861	411	411
S16-0475	801801	412	392	981	961	292	292	731	731	352	172	672	552	341	301	941	901	-99	-99	291	211
S16-0476	801801	412	392	981	961	292	292	731	731	352	172	672	552	341	301	941	901	-99	-99	291	211
S16-0479	0	239	239	194	196	229	237	175	175	217	219	277	285	126	126	182	194	170	198	121	141
S16-0480	0	241	241	194	196	229	237	177	177	219	239	267	277	128	128	190	194	190	190	141	141
S16-0481	0	239	239	196	196	229	237	-99	-99	217	217	277	285	126	130	182	194	170	198	121	141
S16-0482	0	239	241	196	196	229	237	173	177	217	219	277	285	126	138	194	194	-99	-99	121	129
S16-0483	0	239	239	196	196	229	237	-99	-99	217	217	277	285	126	130	182	194	170	170	121	141
S16-0484	0	239	239	196	198	229	229	177	177	217	217	263	267	126	130	182	182	170	190	121	141
S16-0485	0	239	239	196	198	229	237	177	177	217	219	267	277	128	128	182	194	190	190	121	141
S16-0486	180180	239	241	196	196	237	237	177	177	217	217	277	285	126	126	190	194	170	170	121	141
S16-0488	0	239	239	196	196	229	237	-99	-99	217	217	277	285	126	130	182	194	170	170	121	141
S16-0489	180180	239	241	196	196	237	237	175	177	219	219	277	277	126	126	190	190	-99	-99	121	121
S16-0490	0	239	241	196	196	229	229	173	173	217	219	-99	-99	-99	-99	182	198	-99	-99	121	141
S16-0491	0	239	239	196	196	229	237	-99	-99	217	217	-99	-99	126	130	182	194	-99	-99	121	141
S16-0492	180180	239	239	194	196	-99	-99	171	173	219	219	273	273	126	134	182	194	170	170	121	121
S16-0494	0	239	241	194	196	231	235	177	181	219	219	273	277	122	126	194	194	186	186	121	141
S16-0496	180180	239	239	196	196	229	229	173	173	217	219	267	267	126	130	190	198	186	190	121	141
S16-0497	180180	239	239	196	196	229	229	173	173	217	219	267	267	126	130	190	198	186	190	121	141
S16-0498	180180	241	241	196	196	229	229	-99	-99	219	219	263	285	128	134	182	198	190	190	121	121
S16-0499	180180	239	239	196	196	229	229	173	173	217	219	267	267	126	130	190	198	186	190	121	141
S16-0500	180180	239	239	194	194	-99	-99	173	177	219	219	-99	-99	128	130	190	194	170	170	121	141
S16-0501	0	239	239	196	198	229	229	177	177	217	217	263	267	126	130	182	182	170	190	121	141
S16-0503	180180	241	241	194	198	-99	-99	177	177	219	239	-99	-99	128	128	182	194	-99	-99	141	141
S16-0504	0	239	241	194	196	237	237	177	177	219	239	267	267	128	128	190	194	186	186	141	141
S16-0505	0	239	241	196	200	229	237	175	175	217	219	263	267	128	128	182	190	190	194	141	141
S16-0506	180180	239	241	196	196	231	231	177	177	217	219	267	277	128	128	190	190	186	198	121	121
S16-0507	180180	239	241	194	196	-99	-99	173	173	219	239	-99	-99	128	138	182	194	-99	-99	121	141
S16-0508	0	239	239	194	196	229	237	175	175	217	219	-99	-99	126	126	182	194	-99	-99	121	141
S16-0511	0	239	241	196	196	229	229	173	173	217	219	261	267	126	130	182	190	170	186	121	121
S16-0512	180180	239	239	194	196	229	229	173	181	217	219	267	273	128	128	194	194	194	194	121	121
S16-0514	180180	239	241	194	196	237	237	173	173	219	239	-99	-99	128	138	182	194	-99	-99	121	141
S16-0516	0	239	239	-99	-99	229	229	171	177	217	217	263	263	126	130	182	182	170	186	121	141
S16-0519	0	239	239	194	196	229	229	173	173	217	217	-99	-99	126	138	194	194	-99	-99	129	141
S16-0520	180180	239	241	196	200	235	235	177	177	219	219	255	277	126	134	194	194	-99	-99	141	141
S16-0523	0	-99	-99	196	196	229	229	177	177	213	217	-99	-99	126	126	182	190	174	198	121	141
S16-0524	0	239	241	196	200	229	237	175	175	217	219	263	267	128	128	182	190	190	194	141	141
S16-0525	0	239	239	196	198	229	237	177	177	217	219	267	277	128	128	182	194	190	190	141	141
S16-0526	180180	241	241	194	196	237	237	173	173	219	225	267	273	128	128	190	194	-99	-99	121	141
S16-0528	180180	239	241	194	194	233	233	173	173	219	219	273	281	134	138	190	190	-99	-99	121	121
S16-0529	0	239	239	194	196	229	237	-99	-99	217	217	-99	-99	126	130	182	194	170	170	121	141
S16-0530	180180	239	241	194	194	229	229	173	175	217	217	-99	-99	126	126	190	190	-99	-99	121	141
S16-0531	180180	239	241	194	198	-99	-99	-99	-99	217	223	-99	-99	126	126	182	190	-99	-99	121	141
S16-0532	0	239	239	196	198	229	237	177	177	217	219	267	277	128	128	182	194	190	190	141	141
S16-0533	180180	239	239	196	196	241	241	173	173	219	219	273	273	126	134	182	194	170	170	121	141
S16-0534	180180	239	241	194	196	229	229	173	177	217	219	277	277	126	130	182	182	-99	-99	141	141
S16-0535	0	239	239	194	196	229	237	175	175	217	219	277	285	126	126	182	194	170	198	121	141
S16-0536	180180	239	241	196	196	237	237	175	177	219	219	273	277	126	134	190	190	170	182	121	121
S16-0537	0	239	239	196	198	229	235	177	177	217	219	261	277	126	126	190	194	190	190	121	141
S16-0538	0	239	241	194	196	231	235	177	181	219	219	273	277	122	126	194	194	186	186	121	141
S16-0539	0	239	241	194	196	231	235	177	181	219	219	273	277	122	126	194	194	186	186	121	141
S16-0540	180180	241	241	196	196	233	233	-99	-99	219	235	267	277	126	126	182	194	170	170	121	141
S16-0543	0	239	239	194	196	229	237	175	175	217	219	277	285	126	126	182	194	170	198	121	141
S16-0544	0	239	239	194	196	229	237	175	175	217	219	277	285	126	126	182	194	-99	-99	121	141
S16-0546	0	239	241	194	200	229	235	175	175	217	219	263	277	128	128	182	182	186	186	141	141
S16-0548	180180	239	239	194	196	229	229	177	177	217	217	267	285	126	138	190	194	186	186	121	141
S16-0549	180180	239	241	196	196	237	237	177	177	217	217	277	285	126	126	190	194	170	198	121	141
S16-0553	0	239	239	196	196	229	229	177	177	217	217	263	277	126	126	182	190	170	170	121	141
S16-0554	180180	239	241	196	196	229	229	175	177	217	217	263	263	-99	-99	182	190	-99	-99	121	141
S16-0555	0	239	239	196	196	-99	-99	171	171	217	217	-99	-99	126	130	182	194	-99	-99	121	141
S16-0557	180180	239	239	194	194	-99	-99	173	173	219	219	273	281	138	138	190	190	-99	-99	121	121
S16-0562	180180	239	239	194	200	233	233	171	171	217	217	273	273	-99	-99	182	190	-99	-99	141	141
S16-0565	0	239	241	196	198	235	237	177	177	217	219	261	277	128	128	194	194	-99	-99	141	141
S16-0569	180180	239	239	196	196	229	229	173	181	217	217	255	255	-99	-99	182	190	-99	-99	141	141
S16-0570	180180	239	239	194	194	237	237	171	173	219	219	-99	-99	128	128	190	194	-99	-99	141	141
S16-0571	0	239	241	196	196	233	237	175	175	219	219	267	267	126	138	182	190	194	194	129	141
S16-0572	180180	239	239	194	200	233	233	-99	-99	217	217	273	273	-99	-99	182	190	-99	-99	141	141
S16-0573	0	241	241	194	196	231	235	177	181	219	219	273	273	110	110	194	194	-99	-99	121	141
S16-0574	0	239	241	194	196	231	235	177	181	219	219	273	277	122	126	194	194	186	186	121	141
S16-0575	0	241	241	196	196	229	237	177	177	219	219	263	267	128	128	190	194	-99	-99	141	141
S16-0576	0	241	241	194	196	229	237	177	177	219	239	267	277	128	128	190	194	-99	-99	141	141
S16-0582	180180	239	241	194	196	237	237	173	173	219	239	261	277	128	138	182	194	186	186	121	141
S16-0583	0	239	239	194	196	229	229	173	173	217	217	277	289	126	138	194	194	186	198	129	141
S16-0586	0	239	239	194	196	229	237	175	175	217	219	277	285	126	126	182	194	-99	-99	121	141
S16-0587	0	239	241	194	196	231	235	177	181	219	219	273	277	122	126	194	194	186	194	121	141
S16-0588	0	239	239	196	198	229	235	177	177	217	219	261	277	126	126	190	194	186	186	121	141
S16-0589	0	239	241	194	196	231	235	177	181	219	219	273	277	122	126	194	194	186	194	121	141
S16-0590	0	239	239	196	198	229	235	177	177	217	219	261	277	-99	-99	190	194	-99	-99	121	141
S16-0591	0	239	241	196	196	233	237	175	175	219	219	267	267	138	138	182	190	194	194	129	141
S16-0592	180180	239	239	194	200	235	235	173	177	215	219	267	267	128	128	182	190	194	194	121	121
S16-0603	180180	239	239	194	202	237	237	177	177	217	219	263	289	128	128	182	190	-99	-99	141	141
S16-0617	180180	239	239	-99	-99	229	229	173	177	223	235	-99	-99	138	138	182	194	-99	-99	121	121
S16-0618	180180	241	241	194	198	237	237	-99	-99	217	219	273	273	126	130	194	194	190	190	141	141
S16-0620	180180	239	239	196	196	237	237	173	177	217	217	261	273	130	130	182	194	-99	-99	121	141
S16-0621	180180	-99	-99	194	196	237	237	177	177	235	235	261	273	128	128	194	194	-99	-99	121	141
S16-0626	180180	239	241	196	196	229	229	175	177	223	223	-99	-99	126	134	182	190	-99	-99	121	141
S16-0642	0	239	239	196	198	227	237	177	181	223	239	261	277	126	128	182	190	-99	-99	121	121
S16-0643	180180	239	239	196	198	229	229	173	173	217	219	267	289	126	138	182	194	190	198	141	141
S16-0644	0	239	241	194	194	229	237	177	177	217	217	255	277	110	130	182	190	-99	-99	121	121
S16-0646	180180	239	241	194	196	225	237	177	177	235	235	261	273	126	128	194	194	-99	-99	121	141
S16-0649	180180	239	239	194	202	237	237	177	177	217	219	263	263	126	128	182	190	-99	-99	141	141
S16-0650	180180	241	241	194	198	237	237	-99	-99	217	219	273	273	126	130	194	194	194	194	141	141
S16-0651	180180	239	241	194	196	237	237	177	177	217	223	263	273	128	128	190	194	198	198	121	129
S16-0652	180180	239	239	194	200	235	235	173	177	215	219	267	267	128	128	182	190	-99	-99	121	121
S16-0653	180180	239	241	194	196	229	229	173	173	219	223	267	285	126	126	190	194	164	164	121	141
S16-0654	180180	241	241	196	198	237	237	173	177	223	239	263	273	128	130	190	194	198	198	121	129
S16-0655	180180	239	239	196	198	229	229	173	173	217	219	267	289	126	138	182	194	-99	-99	141	141
S16-0656	180180	239	239	196	196	237	237	173	177	217	239	273	277	134	138	182	202	194	194	121	141
S16-0657	180180	239	239	194	200	235	235	173	177	215	219	267	267	126	128	182	190	-99	-99	121	121
S16-0658	180180	241	241	194	198	237	237	-99	-99	217	219	273	273	126	130	194	194	194	194	141	141
S16-0659	0	239	239	194	196	227	237	177	177	217	219	263	277	128	130	190	190	194	194	121	129
S16-0660	180180	241	241	194	198	237	237	-99	-99	217	219	273	273	126	130	194	194	194	194	141	141
S16-0661	180180	239	239	196	198	229	229	173	173	217	219	267	289	126	138	182	194	190	190	141	141
S16-0662	0	241	241	194	198	229	233	-99	-99	219	223	261	285	126	134	190	194	-99	-99	121	141
S16-0663	180180	239	239	196	196	237	237	175	175	219	219	267	277	128	128	182	190	-99	-99	141	141
S16-0664	0	241	241	194	194	229	233	-99	-99	223	235	273	285	126	134	190	194	170	170	141	141
S16-0666	180180	241	241	194	196	229	229	177	177	223	223	267	285	126	126	190	194	170	170	141	141
S16-0667	180180	239	241	194	196	237	237	173	173	217	217	261	267	126	126	194	194	-99	-99	141	141
S16-0668	0	241	241	194	194	229	233	171	171	223	235	-99	-99	126	134	190	194	170	170	141	141
S16-0669	0	241	241	194	196	229	237	177	177	217	239	267	285	126	130	190	190	170	194	141	141
S16-0670	0	239	241	194	196	229	237	177	177	217	217	255	267	128	130	190	194	170	170	121	141
S16-0673	180180	-99	-99	196	196	-99	-99	171	173	217	217	-99	-99	126	126	194	194	186	186	141	141
S16-0677	180180	239	239	198	200	237	237	175	177	219	221	261	277	126	126	182	190	-99	-99	121	141
S16-0678	180180	239	239	198	200	-99	-99	175	177	219	221	-99	-99	126	126	182	190	-99	-99	121	141
S16-0681	180180	239	239	198	200	237	237	175	177	221	221	277	277	126	126	182	190	190	194	121	141
S16-0682	0	241	241	194	194	229	233	171	171	223	235	273	285	126	134	190	194	170	170	141	141
S16-0683	180180	239	239	198	200	237	237	175	177	219	221	277	277	126	126	182	190	190	194	121	141
S16-0686	180180	239	241	194	200	-99	-99	-99	-99	217	219	261	261	138	138	190	194	-99	-99	121	141
S16-0689	180180	239	239	198	200	237	237	175	177	221	221	277	277	126	126	182	190	190	194	121	141
S16-0690	180180	-99	-99	194	194	-99	-99	-99	-99	217	219	-99	-99	122	134	182	190	186	186	141	141
S16-0691	180180	241	241	194	196	229	229	173	173	217	219	273	273	122	134	182	190	-99	-99	141	141
S16-0692	180180	241	241	194	196	229	229	173	183	217	219	273	273	122	134	182	190	-99	-99	141	141
S16-0693	180180	241	241	194	196	229	229	177	177	217	217	277	277	126	126	194	194	-99	-99	121	121
S16-0694	180180	239	241	198	198	229	229	177	177	217	217	-99	-99	126	134	190	194	-99	-99	141	141
S16-0695	180180	241	241	194	196	229	229	173	173	217	219	273	273	122	134	182	190	-99	-99	141	141
S16-0696	180180	239	239	194	196	229	229	173	173	217	219	261	273	122	126	190	190	190	198	121	141
S16-0697	180180	239	239	194	196	229	229	173	173	217	219	261	273	122	126	190	190	190	198	121	141
S16-0698	180180	239	239	194	196	229	229	173	173	217	219	261	273	122	126	190	190	-99	-99	121	141
S16-0699	0	239	239	194	194	237	237	171	171	217	219	-99	-99	126	130	194	194	170	170	141	141
S16-0701	180180	239	241	194	194	229	229	-99	-99	219	223	273	277	126	126	190	194	-99	-99	121	141
S16-0702	180180	241	241	194	196	229	229	177	177	217	217	273	277	126	126	194	194	170	170	121	121
S16-0703	180180	239	239	194	196	229	229	173	173	217	219	261	273	122	126	190	190	-99	-99	121	141
S16-0706	180180	239	241	194	196	233	233	173	179	219	219	273	277	126	126	190	194	190	194	121	141
S16-0707	0	239	239	196	196	229	233	183	183	219	219	267	277	126	134	190	190	170	170	141	141
S16-0708	180180	239	239	194	196	-99	-99	173	173	217	219	-99	-99	122	126	190	190	-99	-99	121	141
S16-0709	180180	239	239	196	196	229	229	177	177	219	239	-99	-99	126	126	190	190	-99	-99	121	141
S16-0710	0	239	239	196	198	231	231	183	183	217	219	261	261	126	134	182	194	186	186	121	141
S16-0711	180180	241	241	194	196	229	229	177	177	217	217	273	277	126	126	194	194	170	170	121	121
S16-0712	180180	239	241	196	196	233	233	183	183	219	219	267	277	134	138	194	194	186	190	121	141
S16-0713	0	239	239	196	196	229	233	183	183	219	219	267	277	126	134	190	190	170	170	141	141
S16-0714	0	239	239	194	196	229	233	173	173	219	219	267	277	126	134	190	194	186	186	141	141
S16-0715	180180	-99	-99	194	196	229	229	173	173	217	219	261	261	122	126	190	190	-99	-99	121	141
S16-0716	180180	-99	-99	194	196	-99	-99	173	173	217	219	-99	-99	122	126	190	190	186	186	121	141
S16-0718	180180	241	241	194	196	229	229	173	173	217	219	273	273	122	134	182	190	-99	-99	141	141
S16-0719	180180	239	241	196	196	-99	-99	171	177	217	219	-99	-99	126	126	182	190	-99	-99	121	141
S16-0720	180180	239	239	196	198	237	237	173	173	217	219	277	277	126	134	194	194	190	190	121	121
S16-0721	0	239	241	198	198	229	229	177	177	217	217	273	277	126	126	190	194	-99	-99	141	141
S16-0725	180180	239	241	196	198	-99	-99	177	177	217	219	-99	-99	126	130	190	194	-99	-99	121	121
S16-0727	180180	239	239	194	196	229	229	173	173	217	219	261	273	122	126	190	190	-99	-99	121	141
S16-0728	180180	239	239	194	196	229	229	173	173	217	219	261	273	122	126	190	190	198	198	121	141
S16-0731	0	239	241	194	194	229	231	177	177	219	239	277	285	126	126	190	194	170	170	121	141
S16-0732	0	241	241	194	196	229	229	177	177	219	239	273	277	122	126	190	190	170	170	121	121
S16-0733	180180	239	241	196	198	237	237	-99	-99	239	239	-99	-99	126	126	190	190	-99	-99	121	121
S16-0734	0	241	241	194	196	229	229	177	177	219	239	273	277	122	126	190	190	170	186	121	121
S16-0735	180180	239	239	198	198	231	231	173	173	217	219	261	273	126	138	182	194	170	190	121	141
S16-0736	180180	241	241	194	196	229	229	173	183	217	219	273	273	122	134	182	190	-99	-99	141	141
S16-0737	180180	241	241	194	198	233	233	-99	-99	217	219	261	261	-99	-99	190	194	-99	-99	141	141
S16-0738	180180	239	239	194	194	245	245	177	177	217	219	273	273	126	126	194	194	186	186	121	121
S16-0739	180180	241	241	194	198	229	229	-99	-99	217	219	273	273	126	126	194	202	-99	-99	141	141
S16-0740	180180	241	241	196	196	233	237	173	173	217	217	273	277	126	134	190	194	186	186	121	141
S16-0741	180180	241	241	194	198	233	233	-99	-99	217	219	261	261	126	134	190	194	170	190	141	141
S16-0742	0	239	239	194	198	233	237	173	173	219	219	273	273	126	130	190	194	-99	-99	121	141
S16-0743	180180	241	241	194	196	229	229	173	173	217	219	273	273	122	134	182	190	194	194	141	141
S16-0744	0	239	239	194	194	229	237	173	173	217	219	273	277	128	134	182	190	-99	-99	121	141
S16-0745	180180	241	241	194	198	233	233	-99	-99	217	219	261	261	126	134	190	194	170	170	141	141
S16-0746	180180	239	241	196	196	229	229	177	177	217	219	273	277	126	126	182	190	170	170	121	141
S16-0747	180180	241	241	196	196	-99	-99	177	177	217	219	-99	-99	126	126	182	190	-99	-99	121	141
S16-0748	0	239	239	194	198	229	229	177	177	217	217	273	277	126	126	190	194	186	186	121	141
S16-0749	0	239	239	194	198	229	229	177	177	217	217	273	277	126	126	190	194	186	186	121	141
S16-0750	180180	241	241	196	198	229	229	183	183	217	219	273	285	130	130	194	198	170	170	141	141
S16-0751	180180	241	241	194	198	229	229	-99	-99	217	219	273	273	126	126	194	202	-99	-99	141	141
S16-0753	180180	239	241	194	196	233	233	171	171	217	217	255	285	128	128	190	194	-99	-99	141	141
S16-0754	180180	239	241	194	196	233	233	-99	-99	217	217	255	285	128	128	190	194	170	170	141	141
S16-0755	180180	239	241	194	196	233	233	171	171	217	217	255	285	128	128	190	194	170	170	141	141
S16-0756	180180	239	241	194	196	233	233	-99	-99	217	217	255	285	128	128	190	194	170	170	141	141
S16-0759	180180	239	239	196	196	245	245	173	173	219	219	273	277	128	128	190	190	164	198	121	141
S16-0761	0	239	241	194	198	229	237	173	173	219	219	263	277	128	128	194	194	164	164	121	141
S16-0762	180180	239	241	194	196	237	237	173	181	219	221	277	285	130	138	194	194	164	170	141	141
S16-0763	0	239	241	194	196	231	233	177	177	217	219	255	267	126	130	190	198	-99	-99	121	141
S16-0764	0	239	241	194	196	231	233	177	183	217	219	255	267	126	130	190	198	-99	-99	121	141
S16-0765	0	241	241	194	194	229	231	177	177	219	219	267	267	126	138	182	190	186	186	141	141
S16-0766	180180	239	241	196	196	229	229	173	173	221	223	273	277	126	126	194	194	164	164	141	141
S16-0769	180180	239	241	194	196	233	233	171	171	217	217	255	285	128	128	190	194	170	170	141	141
S16-0771	180180	239	239	194	196	233	233	-99	-99	217	217	255	285	128	128	190	194	-99	-99	141	141
S16-0773	180180	239	241	194	196	233	233	-99	-99	217	217	255	285	128	128	190	194	170	170	141	141
S16-0774	180180	239	239	194	196	-99	-99	173	181	219	221	277	277	130	138	194	194	164	164	141	141
S16-0775	180180	-99	-99	194	196	237	237	173	181	219	221	285	285	130	138	194	194	164	164	141	141
S16-0776	180180	239	241	196	196	229	229	173	173	221	223	273	277	126	126	194	194	164	164	141	141
S16-0778	180180	239	241	196	196	229	229	173	173	221	223	273	277	126	126	194	194	164	164	141	141
S16-0779	180180	241	241	196	196	229	229	177	177	219	223	273	273	-99	-99	194	194	-99	-99	141	141
S16-0780	180180	239	241	194	196	233	233	-99	-99	217	217	255	285	128	128	190	194	170	170	141	141
S16-0781	180180	239	241	196	196	229	229	173	173	221	223	273	277	126	126	194	194	164	186	141	141
S16-0782	180180	239	241	196	196	233	233	173	173	217	223	255	273	128	128	194	194	170	170	141	141
S16-0783	180180	239	241	196	196	233	233	173	173	217	223	255	273	128	128	194	194	170	170	141	141
S16-0784	180180	241	241	194	196	233	233	173	173	217	217	267	277	126	138	190	194	182	186	121	141
S16-0785	0	-99	-99	194	198	229	229	173	173	219	219	-99	-99	126	128	194	194	164	164	121	141
S16-0786	180180	239	241	196	196	229	229	173	173	221	223	273	277	126	126	194	194	164	164	141	141
S16-0788	180180	239	239	196	196	245	245	173	173	219	219	273	277	128	128	190	190	164	164	121	141
S16-0789	180180	241	241	194	196	233	233	173	173	217	217	267	277	126	138	190	194	182	186	121	141
S16-0790	180180	239	239	196	196	245	245	173	173	219	219	273	277	128	128	190	190	164	164	121	141
S16-0791	180180	241	241	194	196	233	233	173	173	217	217	267	277	126	138	190	194	182	186	121	141
S16-0792	180180	239	241	196	196	229	229	173	173	221	223	273	277	126	126	194	194	164	186	141	141
S16-0793	180180	239	241	194	196	233	233	-99	-99	217	217	255	285	128	128	190	194	170	182	141	141
S16-0794	0	239	241	194	198	229	237	173	173	219	219	263	277	128	128	194	194	164	164	121	141
S16-0796	0	241	241	194	200	227	233	171	177	219	223	273	273	126	138	182	190	160	160	121	141
S16-0797	0	241	241	194	196	227	233	177	179	223	231	273	273	122	130	190	190	160	160	121	141
S16-0799	0	239	241	194	196	227	233	177	177	223	231	273	273	122	130	190	190	160	160	121	141
S16-0800	0	-99	-99	200	200	229	229	175	177	219	223	-99	-99	122	126	190	190	-99	-99	141	141
S16-0801	0	239	239	196	196	233	233	175	177	227	239	245	289	128	128	182	198	-99	-99	121	121
S16-0802	180180	241	241	196	200	227	227	161	175	227	231	-99	-99	122	126	182	190	-99	-99	121	141
S16-0806	180180	239	239	196	198	233	233	175	179	219	231	265	273	122	122	182	182	-99	-99	119	121
S16-0808	0	241	241	196	200	227	233	161	175	219	227	269	273	126	128	190	194	164	164	121	121
S16-0811	0	239	241	196	200	227	233	175	177	219	231	273	273	122	128	190	198	160	160	141	141
S16-0812	0	239	241	196	200	227	233	177	177	221	223	273	273	122	138	190	198	160	160	121	141
S16-0814	0	241	241	196	200	231	235	159	175	213	217	273	277	122	126	190	190	-99	-99	141	141
S16-0815	0	239	241	196	200	227	231	-99	-99	-99	-99	263	277	122	128	190	194	160	164	-99	-99
S16-0818	0	239	241	196	196	227	233	175	179	231	231	273	285	134	134	182	190	186	186	141	141
S16-0820	0	239	241	196	196	227	233	175	179	231	231	273	285	134	134	182	190	186	186	141	141
S16-0821	180180	241	241	196	196	233	233	161	175	213	219	269	273	128	138	190	198	160	160	121	141
S16-0822	0	239	241	196	200	227	233	175	181	227	231	245	245	122	122	190	190	-99	-99	121	121
S16-0823	0	239	241	194	196	229	233	161	177	219	231	245	245	134	134	190	190	164	164	141	141
S16-0825	0	239	241	194	196	227	229	177	179	219	231	245	255	134	138	190	190	-99	-99	121	141
S16-0826	180180	239	239	196	198	231	231	177	177	219	219	273	277	126	126	182	190	164	164	121	121
S16-0827	180180	239	239	196	198	231	231	177	177	219	219	-99	-99	126	126	182	190	164	164	121	121
S15-3241	0	239	241	196	196	231	241	177	177	217	223	261	285	130	130	182	194	-99	-99	121	141
S15-3243	180180	241	241	198	198	229	229	177	179	219	235	273	273	130	134	190	190	170	186	129	141
S15-3245	180180	239	241	196	196	237	237	181	181	223	239	273	285	128	130	190	190	164	194	141	141
S15-3246	0	239	241	196	198	229	233	173	173	217	223	261	277	128	128	190	202	194	194	121	141
S15-3247	0	-99	-99	194	196	-99	-99	173	177	223	223	-99	-99	130	130	182	190	186	186	121	121
S15-3249	180180	239	241	194	196	231	231	173	173	217	239	273	285	138	138	190	190	-99	-99	141	141
S15-3250	180180	239	241	196	196	237	237	181	181	223	239	273	285	128	130	190	190	164	164	141	141
S15-3251	180180	239	241	196	198	231	231	173	185	217	223	273	277	130	134	182	194	170	194	121	141
S15-3253	180180	239	241	198	198	229	229	179	179	217	219	255	277	126	130	190	194	-99	-99	141	141
S15-3254	0	239	239	196	196	229	233	173	181	217	225	267	267	126	130	182	190	186	194	129	141
S15-3255	180180	-99	-99	198	198	227	227	173	177	217	217	-99	-99	134	134	190	190	-99	-99	121	121
S15-3256	0	239	239	196	198	229	233	177	177	217	217	273	273	126	130	190	190	186	190	121	141
S15-3258	180180	241	241	196	198	227	227	177	181	217	219	255	285	128	128	194	194	-99	-99	141	141
S15-3259	0	239	241	194	196	233	237	173	173	217	217	255	267	122	126	182	190	190	194	121	141
S15-3260	180180	239	241	196	196	229	229	173	181	219	219	255	263	122	134	190	190	-99	-99	141	141
S15-3261	180180	241	241	196	200	229	229	173	173	217	217	261	267	110	126	190	194	-99	-99	129	141
S15-3262	180180	241	241	196	200	229	229	173	173	217	217	261	267	110	126	190	194	-99	-99	129	141
S15-3263	0	241	241	196	198	237	237	173	177	217	219	263	273	126	130	194	194	194	194	141	141
S15-3265	0	239	239	196	198	229	233	177	177	217	217	273	273	126	130	190	190	186	190	121	141
S15-3268	0	-99	-99	196	198	229	229	173	177	217	219	-99	-99	126	130	190	190	-99	-99	141	141
S15-3270	0	239	241	196	198	229	229	173	177	217	219	-99	-99	126	130	190	190	-99	-99	141	141
S15-3271	0	239	241	194	194	229	237	181	181	217	221	263	273	126	128	182	190	-99	-99	121	141
S15-3273	0	241	241	196	198	229	237	181	181	219	221	263	267	128	128	182	190	-99	-99	141	141
S15-3274	0	239	239	194	200	229	229	177	181	217	217	261	273	126	126	182	194	-99	-99	121	121
S15-3275	0	239	239	194	200	229	229	177	181	217	217	261	273	126	126	182	194	-99	-99	121	121
S15-3277	0	241	241	194	196	229	237	173	173	223	225	277	285	128	138	190	194	-99	-99	121	141
S15-3278	0	-99	-99	194	196	233	237	173	173	219	223	261	277	128	128	194	202	-99	-99	121	121
S15-3279	0	241	241	196	196	233	235	173	177	215	225	277	285	130	130	190	190	-99	-99	121	141
S15-3280	0	-99	-99	196	196	229	233	173	173	217	225	-99	-99	138	138	182	190	-99	-99	121	141
S15-3281	0	241	241	196	196	233	235	173	177	215	225	277	285	130	130	190	190	-99	-99	121	141
S15-3285	180180	239	239	194	196	239	239	173	177	217	217	255	273	126	126	182	190	-99	-99	121	141
S15-3287	0	239	239	196	196	229	239	177	177	217	223	-99	-99	130	130	190	202	-99	-99	121	141
S15-3291	0	239	241	194	196	231	239	173	177	223	223	273	285	126	130	182	190	190	194	121	121
S16-0069	180180	239	239	196	196	231	231	177	177	217	223	273	277	130	134	190	190	170	194	121	129
S16-0070	0	239	239	198	198	233	233	177	177	223	225	255	277	110	126	182	190	194	194	141	141
S16-0071	0	239	241	196	196	231	241	177	177	217	223	261	285	126	130	182	194	190	194	121	141
S16-0072	0	239	241	196	196	231	241	177	177	223	223	261	261	126	130	182	194	190	194	121	141
S16-0077	0	239	241	196	198	229	233	173	173	217	223	261	277	128	128	190	202	194	194	121	141
S16-0078	0	239	241	194	196	231	239	173	177	223	223	285	285	126	130	182	190	190	194	121	121
S16-0079	0	239	241	194	194	239	241	173	177	215	223	261	285	126	130	182	194	190	194	121	141
S16-0080	0	239	239	196	198	229	229	177	177	217	217	273	273	126	130	-99	-99	186	186	121	141
S16-0081	0	239	241	196	198	229	233	173	177	217	217	261	273	126	130	190	190	190	194	141	141
S16-0082	0	241	241	196	198	237	237	173	177	217	219	263	273	126	130	194	194	194	194	141	141
S16-0083	0	239	239	-99	-99	229	229	173	173	-99	-99	-99	-99	126	134	190	190	186	186	121	141
S16-0084	0	239	241	196	198	229	233	173	177	217	219	261	273	126	130	190	190	190	194	141	141
S16-0085	0	239	239	196	198	229	233	177	177	219	219	261	263	126	128	190	194	182	186	121	141
S16-0086	180180	241	241	-99	-99	-99	-99	177	181	217	217	273	273	130	134	182	194	194	194	141	141
S16-0087	0	239	239	194	198	229	229	-99	-99	221	223	261	263	122	128	182	182	186	186	121	121
S16-0088	180180	239	239	196	200	229	229	173	177	217	223	261	273	122	126	198	198	182	198	121	121
