	ADCYC		BM6506		CELB9		CERVID1		ETH152		SBTD04		SBTD05		SBTD06		SBTD07		TGLA94	
SacRiver1	241	241	194	196	227	233	177	179	223	231	273	273	122	130	190	190	160	160	121	141
SacRiver1	239	241	194	196	227	233	177	177	223	231	273	273	122	130	190	190	160	160	121	141
SacRiver2	-99	-99	200	200	229	229	175	177	219	223	273	273	122	126	190	190	160	160	141	141
SacRiver3	239	239	196	196	233	233	175	177	227	239	245	289	128	128	182	198	-99	-99	121	121
SacRiver4	241	241	196	200	227	227	161	175	227	231	-99	-99	122	126	182	190	-99	-99	121	141
SacRiver5	239	239	196	198	233	233	175	179	219	231	265	273	122	122	182	182	-99	-99	119	121
SacRiver6	241	241	196	200	227	233	161	175	219	227	269	273	126	128	190	194	164	164	121	121
SacRiver7	-99	-99	200	200	-99	-99	177	177	221	223	-99	-99	122	138	190	190	160	160	121	121
SacRiver8	239	241	196	200	227	233	175	177	219	231	273	273	122	128	190	198	160	160	141	141
SacRiver9	239	241	196	200	227	233	177	177	221	223	273	273	122	138	190	198	160	160	121	141
SacRiver10	241	241	196	200	231	235	159	175	213	217	273	277	122	126	190	190	-99	-99	141	141
SacRiver11	239	241	196	196	227	233	175	179	231	231	273	285	134	134	182	190	186	186	141	141
SacRiver11	239	241	196	196	227	233	175	179	231	231	273	285	134	134	182	190	186	186	141	141
SacRiver12	241	241	196	196	233	233	161	175	213	219	269	273	128	138	190	198	160	160	121	141
SacRiver13	239	241	196	200	227	233	175	181	227	231	245	245	122	122	190	190	-99	-99	121	121
SacRiver14	239	241	194	196	229	233	161	177	219	231	245	245	134	134	190	190	164	164	141	141
SacRiver14	239	241	194	196	229	233	161	177	219	231	245	245	134	134	190	190	164	164	141	141
SacRiver15	239	241	194	196	227	229	177	179	219	231	245	255	134	138	190	190	-99	-99	121	141
SacRiver16	239	239	196	198	231	231	177	177	219	219	273	277	126	126	182	190	164	164	121	121
SacRiver16	239	239	196	198	231	231	177	177	219	219	-99	-99	126	126	182	190	164	164	121	121
SacRiver17	239	241	196	200	227	229	177	177	213	221	255	263	134	134	182	198	-99	-99	121	141
SacRiver17	239	241	196	200	227	229	177	183	213	221	263	263	134	138	182	198	-99	-99	121	141
SacRiver18	241	241	194	196	227	233	175	175	219	221	273	277	134	134	190	198	160	160	121	121
SacRiver18	241	241	194	196	227	233	175	175	219	221	273	277	134	134	190	198	160	190	121	121
SacRiver18	241	241	194	196	227	233	175	175	219	221	273	277	134	134	190	198	160	190	121	121
SacRiver20	-99	-99	196	200	-99	-99	175	177	213	213	-99	-99	128	128	190	198	182	190	121	141
SacRiver21	239	241	196	198	227	231	175	177	219	227	255	277	128	134	182	182	164	190	121	141
SacRiver22	239	241	194	194	233	233	171	171	213	219	255	255	122	138	182	190	164	168	121	121
SacRiver22	239	241	194	194	233	233	171	171	213	219	255	255	122	138	182	190	-99	-99	121	121
SacRiver23	241	241	196	196	233	233	161	175	213	219	263	277	122	126	190	194	190	190	121	141
SacRiver24	241	241	196	196	231	233	175	175	213	231	263	273	122	128	190	194	-99	-99	121	141
SacRiver24	241	241	196	196	231	233	175	175	213	231	263	273	122	128	190	194	-99	-99	121	141
SacRiver26	239	241	196	196	229	233	175	175	213	231	245	273	138	138	190	198	190	190	129	141
SacRiver27	239	239	196	196	231	235	175	175	219	223	249	277	116	138	190	194	-99	-99	121	121
SacRiver28	241	241	196	196	233	233	173	173	221	235	245	277	126	128	182	190	-99	-99	141	141
SacRiver29	239	241	196	196	233	233	177	177	213	227	263	273	128	134	190	190	164	164	121	121
SacRiver31	241	241	196	196	227	233	173	181	219	231	245	273	128	134	190	198	190	190	119	141
SacRiver31	241	241	196	196	227	233	173	181	219	231	245	273	128	134	190	198	190	190	119	141
SacRiver31	241	241	196	196	227	233	173	181	219	219	245	273	128	134	190	198	190	190	119	141
SacRiver31	241	241	196	196	227	233	173	181	219	231	245	245	128	128	190	198	-99	-99	119	141
SacRiver32	241	241	196	200	227	227	179	181	213	219	245	263	122	122	182	190	-99	-99	119	141
SacRiver33	239	241	196	200	229	233	161	175	219	231	273	277	128	138	182	190	-99	-99	121	141
SacRiver33	239	241	196	200	229	233	161	175	219	231	273	277	128	138	182	190	190	198	121	141
SacRiver34	241	241	196	196	-99	-99	177	181	231	231	273	273	134	138	190	198	190	194	121	121
SacRiver35	241	241	194	196	227	233	173	181	213	213	255	255	138	138	182	182	-99	-99	121	141
SacRiver36	241	241	196	196	233	233	161	173	213	223	273	277	122	122	190	198	-99	-99	121	141
SacRiver37	239	241	196	196	229	233	173	173	213	213	273	277	122	134	182	190	182	190	121	121
SacRiver37	239	241	196	196	229	233	173	173	213	213	273	277	122	134	182	190	182	190	121	121
SacRiver37	239	241	196	196	229	233	173	173	213	213	273	277	122	134	182	190	182	190	121	121
SacRiver37	239	241	196	196	229	233	173	173	213	213	273	277	122	134	182	190	182	182	121	121
SacRiver37	239	241	196	196	229	233	173	173	213	213	273	277	122	134	182	190	190	190	121	121
SacRiver37	239	241	196	196	229	233	173	173	213	213	273	277	122	122	182	190	182	190	121	121
SacRiver37	239	239	196	196	229	233	173	173	213	213	-99	-99	122	134	182	190	182	190	121	121
SacRiver37	239	241	196	196	229	233	171	173	213	213	273	277	122	122	182	190	182	190	121	121
SacRiver38	241	241	196	200	229	229	175	175	219	227	277	277	122	138	190	190	-99	-99	121	121
SacRiver38	241	241	196	200	229	229	175	175	219	227	-99	-99	122	138	190	190	-99	-99	121	121
SacRiver38	239	241	196	200	229	229	175	175	219	227	273	277	122	138	190	190	-99	-99	121	121
SacRiver38	-99	-99	196	200	229	229	175	175	219	227	-99	-99	122	138	190	190	-99	-99	121	121
SacRiver38	239	241	196	200	229	229	175	175	219	227	273	277	122	138	190	190	190	198	121	121
SacRiver38	239	241	196	200	229	229	175	175	219	227	273	277	122	138	190	190	190	198	121	121
SacRiver38	239	241	196	200	229	229	175	175	219	227	273	277	122	138	190	190	190	198	121	121
SacRiver38	239	241	196	200	229	229	175	175	219	227	273	277	122	138	190	190	190	198	121	121
SacRiver38	239	241	196	200	229	229	175	175	219	227	273	277	122	138	190	190	190	198	121	121
SacRiver39	241	241	196	200	233	233	161	171	219	223	273	289	128	128	182	190	160	160	121	141
SacRiver39	241	241	196	200	233	233	161	171	219	223	273	289	128	128	182	190	160	160	121	141
SacRiver40	239	239	194	196	229	231	171	175	213	227	267	267	122	144	190	190	190	190	121	121
SacRiver41	239	241	196	196	233	233	177	177	227	231	245	273	128	128	190	198	182	190	121	141
SacRiver41	239	241	196	196	233	233	177	177	227	231	245	273	128	128	190	198	-99	-99	121	141
SacRiver41	-99	-99	196	196	233	233	177	177	227	231	245	245	128	128	190	198	190	190	121	141
SacRiver41	239	241	196	196	233	233	177	177	227	231	245	273	128	128	190	198	182	182	121	141
SacRiver42	239	241	196	196	229	233	161	161	219	231	273	277	122	128	182	190	-99	-99	121	121
SacRiver43	241	241	196	196	227	237	173	175	219	231	245	245	122	122	190	198	164	164	119	141
SacRiver44	241	241	196	196	233	233	161	177	219	227	245	245	126	126	190	190	164	164	121	141
SacRiver44	241	241	196	196	233	233	161	177	219	227	245	277	126	126	190	190	164	164	121	141
SacRiver44	241	241	196	196	233	233	161	177	219	227	245	277	126	134	190	190	164	164	121	141
SacRiver44	241	241	196	196	233	233	161	177	219	227	245	277	126	134	190	190	164	190	121	141
SacRiver45	239	241	194	196	229	229	161	175	231	239	273	277	138	138	190	190	164	190	121	141
SacRiver45	239	241	194	196	229	229	161	175	231	239	273	277	138	138	190	190	164	190	121	141
SacRiver45	239	241	194	196	229	229	161	175	231	239	273	277	138	138	190	190	164	164	121	141
SacRiver46	239	241	194	196	233	233	175	175	213	227	273	273	134	138	182	190	-99	-99	121	121
SacRiver46	239	241	194	196	233	233	175	175	213	227	273	277	134	138	182	190	178	182	121	121
SacRiver46	239	241	194	196	233	233	175	177	213	227	273	277	134	138	182	190	178	182	121	121
SacRiver46	239	241	194	196	233	233	175	177	213	227	273	277	134	138	182	190	178	182	121	121
SacRiver46	239	241	194	196	233	233	175	175	213	227	273	277	138	138	182	190	178	182	121	121
SacRiver46	239	241	194	196	-99	-99	175	177	213	227	273	277	134	138	182	190	178	182	121	121
SacRiver47	241	241	196	202	231	231	175	177	231	235	263	273	122	122	182	190	-99	-99	141	141
SacRiver47	241	241	196	202	231	231	175	177	231	235	263	273	122	122	182	190	-99	-99	141	141
SacRiver47	241	241	196	202	231	231	175	177	231	235	263	273	122	138	182	190	160	170	141	141
SacRiver47	241	241	196	202	231	231	175	177	231	235	263	273	122	138	182	190	160	170	141	141
SacRiver47	241	241	196	202	231	231	175	177	231	235	263	273	122	138	182	190	160	170	141	141
SacRiver47	241	241	196	202	231	231	175	177	231	235	263	273	122	138	182	190	160	170	141	141
SacRiver47	241	241	196	202	-99	-99	175	177	231	235	273	273	122	122	182	190	160	160	141	141
SacRiver47	239	241	196	202	231	231	175	177	231	235	263	273	122	138	182	190	160	170	141	141
SacRiver47	239	241	196	202	231	231	175	177	231	235	263	273	122	138	182	190	160	170	141	141
SacRiver49	-99	-99	196	198	227	227	175	175	213	231	245	245	122	126	194	198	182	190	121	141
SacRiver49	239	241	196	198	227	227	175	175	213	231	245	245	122	126	194	198	182	190	121	141
SacRiver49	239	241	196	198	227	227	173	175	213	231	245	245	122	126	194	198	182	190	121	141
SacRiver49	239	241	196	198	227	227	175	175	213	231	245	245	122	122	194	198	-99	-99	121	141
SacRiver50	241	241	196	196	233	233	175	177	219	223	245	273	128	128	190	190	-99	-99	121	141
SacRiver50	241	241	196	196	233	233	175	177	219	223	245	273	122	128	190	190	170	190	121	141
SacRiver51	239	241	196	198	233	233	177	177	223	227	273	281	128	138	190	190	160	190	121	141
SacRiver51	239	241	196	198	233	233	177	177	223	227	273	281	128	138	190	190	160	190	121	141
SacRiver52	239	241	194	196	227	227	175	181	213	219	255	255	122	138	182	190	-99	-99	119	141
SacRiver55	239	241	196	200	229	229	175	177	219	219	269	277	122	128	182	190	190	190	121	129
SacRiver55	239	241	196	200	229	229	175	177	219	219	269	277	122	128	182	190	190	190	121	129
SacRiver55	239	241	196	200	229	229	175	177	219	219	269	277	122	128	182	190	190	190	121	129
SacRiver55	239	241	196	200	229	229	175	177	217	219	269	277	122	128	182	190	190	190	121	129
SacRiver55	239	241	196	200	-99	-99	175	177	219	219	269	269	122	128	182	190	-99	-99	121	129
SacRiver55	241	241	196	200	229	229	175	177	219	219	269	277	122	128	182	190	-99	-99	121	121
SacRiver56	239	239	196	196	231	233	177	177	213	235	277	277	126	126	190	194	190	194	121	141
SacRiver56	239	241	194	196	231	233	177	177	213	235	277	277	126	126	190	194	190	194	121	141
SacRiver57	239	239	196	198	233	233	177	177	227	235	277	281	126	128	190	190	-99	-99	121	141
SacRiver57	239	239	196	198	233	233	177	177	227	235	277	281	126	128	190	190	160	190	121	141
SacRiver57	239	239	196	198	233	233	177	177	227	235	277	281	126	128	190	190	160	190	121	141
SacRiver57	239	239	196	198	233	233	177	177	227	235	277	281	126	128	190	190	160	190	121	141
SacRiver57	239	239	196	198	233	233	177	177	227	235	-99	-99	126	128	190	190	160	190	121	141
SacRiver59	241	241	196	196	233	233	161	161	219	231	267	273	122	128	190	194	-99	-99	121	121
SacRiver59	241	241	196	196	233	233	161	177	219	231	267	273	122	128	190	194	190	194	121	121
SacRiver61	239	239	196	200	233	233	177	177	213	227	273	277	126	138	182	194	182	194	121	141
SacRiver61	239	241	196	200	233	233	177	177	213	227	273	277	126	138	182	194	182	194	121	141
SacRiver61	239	241	196	200	233	233	177	177	213	227	273	277	126	138	182	194	182	194	121	141
SacRiver61	239	241	196	200	233	233	177	177	213	227	273	273	126	138	182	194	-99	-99	121	141
SacRiver62	239	241	196	200	227	233	175	175	223	231	245	277	122	126	190	190	186	190	121	141
SacRiver62	239	241	196	200	227	233	175	175	223	231	245	277	122	126	190	190	186	190	121	141
SacRiver62	239	241	196	200	227	233	175	175	223	231	245	245	122	126	190	190	186	190	121	141
SacRiver63	241	241	196	200	227	231	175	175	213	223	245	273	126	126	190	194	-99	-99	121	141
SacRiver64	241	241	194	196	233	233	175	177	213	231	255	273	128	128	182	190	160	164	119	121
SacRiver65	-99	-99	196	196	-99	-99	173	177	221	221	-99	-99	126	128	182	190	178	182	141	141
SacRiver66	239	241	200	200	227	227	175	179	213	229	273	285	128	128	190	190	170	170	119	129
SacRiver68	241	241	200	200	227	233	161	175	223	231	261	263	134	134	190	194	-99	-99	121	129
SacRiver69	239	241	196	196	233	233	161	181	231	231	253	273	128	128	182	194	-99	-99	121	141
SacRiver69	-99	-99	196	196	-99	-99	161	181	231	231	253	273	128	128	182	194	-99	-99	121	141
SacRiver73	239	241	198	200	233	233	177	177	221	227	-99	-99	126	138	190	198	160	160	141	141
SacRiver73	239	241	198	200	233	233	177	177	221	227	273	281	126	138	190	198	160	160	141	141
SacRiver73	239	241	198	200	233	233	177	177	221	227	273	281	126	138	190	198	160	160	141	141
SacRiver74	241	241	196	196	227	227	175	179	223	227	273	277	122	128	190	190	190	194	121	141
SacRiver74	241	241	196	196	227	227	175	179	223	227	273	277	122	128	190	190	190	194	121	141
SacRiver75	239	241	198	200	227	233	173	175	213	217	245	273	122	134	190	190	178	190	121	141
SacRiver75	-99	-99	198	200	227	227	173	175	213	217	-99	-99	122	134	190	190	178	190	121	141
SacRiver75	239	239	198	200	227	233	173	175	213	217	245	245	122	134	190	190	178	178	121	141
SacRiver76	239	241	198	200	227	233	175	175	213	223	245	273	122	126	190	198	160	190	119	141
SacRiver77	239	241	198	198	227	227	175	177	223	231	263	273	128	138	190	190	160	190	121	141
SacRiver77	239	241	198	198	227	227	175	177	223	231	263	273	128	138	190	190	160	160	121	141
SacRiver78	239	241	196	198	227	227	173	177	219	231	273	273	128	138	182	190	174	190	121	121
SacRiver79	239	241	194	198	227	227	175	175	221	221	281	289	122	134	190	190	160	190	121	121
SacRiver79	239	241	194	198	227	227	175	175	219	221	281	289	122	134	190	190	160	160	121	121
SacRiver80	241	241	196	196	227	227	175	177	217	219	273	273	122	122	182	190	182	182	121	141
SacRiver80	241	241	194	196	227	227	175	177	217	219	273	273	122	122	182	190	182	182	121	141
SacRiver81	239	241	196	196	227	233	175	179	213	231	255	267	128	128	194	198	190	194	121	141
SacRiver81	239	241	196	196	227	233	175	179	213	231	255	267	128	128	194	198	190	194	121	141
SacRiver81	239	241	196	196	227	233	175	179	213	231	255	267	128	128	194	198	190	194	121	141
SacRiver81	239	241	196	196	227	233	175	175	213	231	255	267	128	128	194	198	190	194	121	141
SacRiver86	239	239	196	200	227	227	175	175	223	231	-99	-99	122	126	190	190	186	186	121	141
SacRiver87	239	241	194	196	227	227	171	175	219	235	245	277	134	138	190	194	160	182	121	141
SacRiver89	239	239	194	196	233	233	173	177	213	227	277	277	128	134	190	190	182	190	121	121
SacRiver90	241	241	196	200	229	229	175	175	227	227	-99	-99	122	122	190	190	194	194	121	121
SacRiver90	241	241	196	200	229	229	175	175	227	227	273	277	122	122	190	190	194	198	121	121
SacRiver90	241	241	196	200	229	229	175	175	227	227	273	277	122	122	190	190	194	198	121	121
SacRiver90	239	241	196	200	229	229	175	175	227	227	273	277	122	122	190	190	194	198	121	121
SacRiver90	239	241	196	200	229	229	175	175	227	227	273	277	122	122	190	190	194	198	121	121
SacRiver92	239	241	196	196	233	233	175	175	231	231	273	273	126	134	190	190	182	190	121	121
SacRiver93	239	241	194	196	227	227	177	177	219	231	255	255	128	144	190	190	-99	-99	141	141
SacRiver93	239	241	194	196	227	227	177	177	219	231	255	255	128	144	190	190	-99	-99	141	141
SacRiver94	239	239	196	200	231	235	177	177	213	227	273	277	126	134	182	194	178	182	121	141
SacRiver95	-99	-99	200	200	-99	-99	175	175	213	223	245	245	126	126	190	194	178	186	121	141
SacRiver99	239	241	196	200	231	231	177	179	213	231	263	273	128	134	190	198	182	190	121	121
SacRiver100	239	241	196	196	233	233	175	177	213	223	255	265	126	134	182	190	182	194	121	121
SacRiver101	239	241	196	200	229	233	175	175	213	219	273	277	122	122	190	190	190	198	121	121
SacRiver102	239	241	196	200	229	233	177	177	219	227	245	277	122	128	190	190	190	190	121	141
SacRiver103	239	241	196	202	229	229	161	161	219	231	277	277	122	128	182	190	182	190	121	121
SacRiver104	241	241	198	200	233	233	161	179	231	235	263	273	134	138	182	194	190	190	121	141
SacRiver105	239	241	194	200	227	231	177	177	239	239	273	277	122	128	182	190	190	190	141	141
SacRiver105	239	241	194	200	227	231	177	177	239	239	273	277	122	128	182	190	190	190	141	141
SacRiver105	239	241	194	200	227	231	177	177	239	239	273	277	122	128	182	190	190	190	141	141
SacRiver105	239	241	194	200	227	231	177	177	239	239	273	277	122	128	182	190	190	190	141	141
SacRiver105	239	241	194	200	227	231	177	177	239	239	273	277	122	128	182	190	190	190	141	141
SacRiver105	239	241	194	200	227	231	177	177	239	239	273	277	122	128	182	190	190	190	141	141
SacRiver105	239	241	194	200	227	231	177	177	239	239	273	277	122	128	182	190	190	190	141	141
SacRiver105	239	241	194	200	227	231	177	177	239	239	273	277	122	128	182	190	190	190	141	141
SacRiver105	239	241	194	200	227	231	177	177	239	239	273	277	122	128	182	190	190	190	141	141
SacRiver105	239	241	194	200	227	231	177	177	239	239	273	277	122	128	182	190	190	190	141	141
SacRiver105	239	241	194	200	227	231	177	177	239	239	273	277	122	128	182	190	190	190	141	141
SacRiver105	239	241	194	200	227	231	177	177	237	239	273	277	122	128	182	190	190	190	141	141
SacRiver105	239	241	194	200	227	231	177	177	239	239	273	277	122	128	182	190	186	190	141	141
SacRiver105	239	241	194	200	227	231	177	177	239	239	-99	-99	122	128	182	190	190	190	141	141
SacRiver105	239	241	194	200	227	231	177	177	233	239	273	277	122	128	182	190	190	190	141	141
SacRiver105	239	241	194	200	231	231	177	177	239	239	273	273	122	128	182	190	190	190	141	141
SacRiver105	-99	-99	194	200	227	229	177	177	239	239	-99	-99	122	128	182	190	190	190	141	141
SacRiver105	239	239	194	200	-99	-99	177	177	239	239	-99	-99	122	128	182	190	190	190	141	141
SacRiver105	241	241	194	200	231	231	177	177	239	239	-99	-99	122	128	182	190	190	190	141	141
SacRiver105	-99	-99	194	200	231	231	177	177	239	239	-99	-99	122	128	182	190	190	190	141	141
SacRiver105	239	239	194	200	227	227	177	177	-99	-99	273	277	122	128	182	190	190	190	141	141
SacRiver105	-99	-99	194	200	227	227	177	177	239	239	-99	-99	122	128	182	190	190	190	141	141
SacRiver105	-99	-99	194	200	-99	-99	177	177	239	239	-99	-99	122	128	182	190	190	190	141	141
SacRiver106	239	241	196	200	227	233	175	175	213	239	277	277	126	128	182	190	190	190	141	141
SacRiver106	239	241	196	200	227	233	175	175	213	239	277	277	126	128	182	190	190	190	141	141
SacRiver106	239	241	196	200	227	233	175	175	213	239	277	277	126	128	182	190	190	190	141	141
SacRiver106	239	241	196	200	227	233	175	175	213	239	277	277	126	128	182	190	190	190	141	141
SacRiver106	239	241	196	200	227	233	175	175	213	239	277	277	126	128	182	190	190	190	141	141
SacRiver106	239	241	196	200	227	233	175	175	213	239	277	277	126	128	182	190	190	190	141	141
SacRiver106	239	241	196	200	227	233	175	175	213	239	277	277	126	128	182	190	190	190	141	141
SacRiver106	239	241	196	200	227	233	175	175	213	239	277	277	126	128	182	190	190	190	141	141
SacRiver106	239	241	196	200	227	233	175	175	213	239	277	277	126	128	182	190	190	190	141	141
SacRiver106	239	241	196	200	227	233	175	175	213	239	277	277	126	128	182	190	190	190	141	141
SacRiver106	239	241	196	200	227	233	175	175	213	239	277	277	128	128	182	190	190	190	141	141
SacRiver106	241	241	196	200	227	233	175	175	213	239	277	277	126	128	182	190	190	190	141	141
SacRiver106	239	241	196	200	227	233	175	175	213	239	277	277	128	128	182	190	190	190	141	141
SacRiver106	239	241	196	200	227	233	175	175	213	239	277	277	126	128	182	190	190	202	141	141
SacRiver106	239	239	196	200	227	233	175	175	213	239	277	277	126	128	182	190	190	190	141	141
SacRiver106	-99	-99	196	200	227	233	175	175	213	239	-99	-99	126	128	182	190	190	190	141	141
SacRiver106	241	241	196	200	227	233	173	175	213	239	277	277	126	128	182	190	190	190	141	141
SacRiver107	239	241	198	200	231	239	177	177	213	239	-99	-99	122	128	182	182	190	190	121	141
SacRiver107	239	241	198	200	231	231	177	177	213	239	-99	-99	122	128	182	182	190	190	121	141
SacRiver107	239	241	198	200	231	233	177	177	213	239	273	277	122	128	182	182	190	190	121	141
SacRiver107	239	239	198	200	-99	-99	177	177	213	239	-99	-99	122	128	182	182	190	190	121	141
SacRiver107	239	241	198	200	231	233	177	177	213	239	277	277	122	128	182	182	190	190	121	141
SacRiver107	239	241	198	200	231	233	177	177	213	239	273	277	122	128	182	182	190	190	121	141
SacRiver107	239	241	198	200	231	233	177	177	213	239	273	277	122	128	182	182	190	190	121	141
SacRiver107	239	241	198	200	231	233	177	177	213	239	273	277	122	128	182	182	190	190	121	141
SacRiver107	239	241	198	200	231	233	177	177	213	239	273	277	122	128	182	182	190	190	121	141
SacRiver107	239	241	198	200	231	233	177	177	213	239	273	277	122	128	182	182	190	190	121	141
SacRiver107	239	241	198	200	231	233	177	177	213	239	273	277	122	128	182	182	190	190	121	141
SacRiver107	239	241	198	198	231	233	177	177	213	239	273	277	122	128	182	182	190	190	121	141
SacRiver107	241	241	198	200	231	231	177	177	213	239	-99	-99	122	128	182	190	190	190	121	141
SacRiver109	239	239	194	196	231	231	177	177	213	213	-99	-99	122	144	190	190	164	178	121	129
SacRiver111	239	241	194	196	233	233	177	177	227	235	261	273	134	138	190	190	182	190	121	141
SacRiver111	239	241	194	196	233	233	177	177	227	235	261	273	134	138	190	190	182	190	121	141
SacRiver111	239	241	194	196	233	233	177	177	227	235	261	273	134	138	190	190	182	190	121	141
SacRiver111	239	241	194	196	233	233	177	177	227	235	261	273	134	138	190	190	182	190	121	141
SacRiver111	239	241	194	196	233	233	177	177	227	235	261	273	134	138	190	190	182	190	121	141
SacRiver111	239	241	194	196	233	233	177	177	227	235	261	273	134	138	190	190	182	190	121	141
SacRiver111	239	241	194	196	233	233	177	177	227	235	261	273	134	138	190	190	182	190	121	141
SacRiver111	239	241	194	196	233	233	177	177	227	235	261	273	134	138	190	190	182	190	121	141
SacRiver111	239	241	194	196	233	233	177	177	227	235	261	273	134	138	190	190	182	190	121	141
SacRiver111	239	241	194	196	233	233	177	179	227	235	261	273	134	138	190	190	182	190	121	141
SacRiver111	239	241	194	196	-99	-99	177	177	227	235	261	273	134	138	190	190	182	190	121	141
SacRiver112	-99	-99	198	200	233	233	177	177	-99	-99	277	277	122	128	182	182	-99	-99	121	141
SacRiver113	239	241	196	200	227	233	175	175	213	227	261	277	126	134	182	194	190	190	121	141
SacRiver113	239	241	196	200	227	233	175	175	213	227	261	277	126	134	182	194	190	190	121	141
SacRiver113	239	241	196	200	227	233	175	175	213	227	261	277	126	134	182	194	190	190	121	141
SacRiver113	239	241	196	200	227	233	175	175	213	227	261	277	126	134	182	194	190	190	121	141
SacRiver113	239	241	196	200	227	233	175	175	213	227	261	277	126	134	182	194	190	190	121	141
SacRiver114	241	241	196	200	231	231	177	177	213	213	277	277	122	126	182	190	190	190	121	141
SacRiver114	241	241	196	200	231	231	177	177	213	239	277	277	122	126	182	190	190	190	121	141
SacRiver114	241	241	196	200	231	231	177	177	213	239	277	277	122	126	182	190	190	190	121	141
SacRiver114	241	241	196	200	231	231	177	177	213	239	277	277	122	126	182	190	190	190	121	141
SacRiver116	241	241	198	200	231	231	173	177	213	217	261	285	122	126	190	198	182	182	121	129
SacRiver116	241	241	198	200	231	231	173	177	213	217	261	285	122	126	190	198	182	182	121	129
SacRiver117	241	241	196	200	-99	-99	173	175	213	239	-99	-99	126	128	182	190	190	190	141	141
SacRiver117	241	241	196	200	227	233	173	175	213	239	277	277	126	128	182	190	190	190	141	141
SacRiver117	241	241	196	200	227	233	175	175	213	239	277	277	126	128	182	190	190	190	141	141
SacRiver117	-99	-99	196	200	227	233	175	175	213	239	-99	-99	126	128	182	190	190	190	141	141
SacRiver118	239	241	196	200	233	233	177	181	213	213	255	255	130	134	190	190	178	194	121	129
SacRiver118	239	241	196	200	233	233	177	181	213	213	255	255	130	134	190	190	178	194	121	129
SacRiver118	239	241	196	200	233	233	177	181	213	213	255	255	130	134	190	190	178	194	121	129
SacRiver118	239	241	196	200	233	233	177	181	213	213	255	255	130	134	190	190	178	194	121	129
SacRiver118	239	241	196	200	233	233	177	181	213	213	255	255	130	134	190	190	178	194	121	129
SacRiver120	239	241	198	200	233	233	173	177	213	213	255	263	122	134	182	182	178	182	121	121
SacRiver120	239	241	198	200	233	233	173	177	213	213	255	263	122	134	182	182	178	182	121	121
SacRiver121	241	241	194	200	233	233	177	177	213	227	273	277	126	134	182	190	162	190	129	129
SacRiver122	239	239	198	200	241	241	177	177	217	227	255	277	134	134	190	190	164	190	121	141
SacRiver122	239	239	198	200	241	241	177	177	217	227	255	255	134	134	190	190	164	190	121	141
SacRiver122	239	239	198	200	241	241	177	177	217	227	255	277	134	134	190	190	164	164	121	141
SacRiver122	239	239	198	200	241	241	177	177	217	227	255	277	134	134	190	190	164	164	121	141
SacRiver123	239	241	196	196	231	231	177	177	227	235	263	273	128	134	190	194	164	190	121	141
SacRiver123	239	241	196	196	231	231	177	177	227	235	263	273	128	128	190	194	164	190	121	141
SacRiver124	239	239	196	196	-99	-99	177	177	227	235	263	263	128	134	190	194	164	164	121	141
SacRiver125	241	241	196	200	233	233	175	175	213	213	-99	-99	126	134	182	194	190	190	121	141
SacRiver126	241	241	196	200	231	231	175	177	213	227	245	277	134	134	190	190	162	194	121	141
SacRiver126	241	241	200	200	231	231	175	177	213	227	245	277	134	134	190	190	190	194	121	141
SacRiver127	241	241	200	200	231	231	177	177	227	227	277	277	134	134	190	190	164	194	121	121
SacRiver127	241	241	200	200	231	231	177	177	227	227	277	277	134	134	190	190	164	194	121	121
SacRiver128	241	241	196	200	227	231	177	181	227	227	277	277	134	134	190	190	164	194	119	121
SacRiver129	239	241	194	196	227	231	177	177	217	231	267	273	126	134	190	190	190	190	119	121
SacRiver130	239	241	196	200	227	227	161	177	223	227	261	273	134	134	190	194	182	190	119	121
SacRiver130	239	241	196	200	227	227	161	177	223	227	261	273	134	134	190	194	182	190	119	121
SacRiver130	239	241	196	200	227	227	161	177	223	227	261	273	134	134	190	194	182	190	119	121
SacRiver130	239	241	196	200	227	227	161	177	223	227	261	273	134	134	190	194	182	190	119	121
SacRiver130	239	241	196	200	227	227	161	177	223	227	261	273	134	134	190	194	182	190	119	121
SacRiver132	-99	-99	200	200	227	227	175	175	227	239	-99	-99	122	126	182	194	164	190	121	141
SacRiver133	239	239	200	200	231	231	161	175	227	239	-99	-99	122	134	190	190	178	186	121	141
SacRiver133	239	241	200	200	231	231	161	175	227	239	273	273	122	134	190	190	178	186	121	141
SacRiver133	239	241	200	200	231	231	161	175	227	239	273	273	122	134	190	190	178	186	121	141
SacRiver133	239	241	200	200	231	231	161	175	227	239	273	273	122	134	190	190	178	186	121	141
SacRiver133	239	241	200	200	231	231	161	175	227	239	273	273	122	134	190	190	178	186	121	141
SacRiver133	239	241	200	200	231	231	161	175	227	239	273	273	122	134	190	190	178	186	121	141
SacRiver133	239	241	200	200	231	231	161	175	227	239	273	273	122	134	190	190	178	186	121	141
SacRiver133	239	241	200	200	231	231	161	175	227	239	273	273	122	134	190	190	178	186	121	141
SacRiver133	239	241	200	200	231	231	161	175	227	239	273	273	122	134	190	190	178	186	121	141
SacRiver133	239	241	200	200	231	231	161	175	227	239	273	273	122	134	190	190	178	186	121	141
SacRiver133	239	241	200	200	231	231	161	175	227	239	273	273	122	134	190	190	178	186	121	141
SacRiver133	239	241	200	200	231	231	161	175	227	239	273	273	122	134	190	190	178	186	121	141
SacRiver133	239	241	200	200	231	231	161	175	227	239	273	273	122	134	190	190	178	186	121	141
SacRiver133	239	241	200	200	231	231	161	175	227	239	273	273	122	134	190	190	178	186	121	141
SacRiver133	239	241	200	200	231	231	161	175	227	239	273	273	122	134	190	190	178	186	121	141
SacRiver133	239	241	200	200	231	231	161	175	227	239	273	273	122	134	190	190	178	186	121	141
SacRiver133	239	241	200	200	231	231	161	175	227	239	273	273	122	134	190	190	178	186	121	141
SacRiver133	-99	-99	200	200	-99	-99	161	175	227	227	-99	-99	122	134	190	190	178	186	121	141
SacRiver133	241	241	200	200	231	231	161	175	227	227	-99	-99	122	134	190	190	178	186	121	141
SacRiver135	241	241	196	200	227	231	175	177	213	239	255	255	122	134	194	198	182	190	121	121
SacRiver135	241	241	196	200	227	231	175	177	213	239	255	277	122	134	194	198	182	190	121	121
SacRiver135	241	241	196	200	227	231	175	177	213	239	255	277	122	134	194	198	182	190	121	121
SacRiver136	241	241	200	200	231	231	161	175	227	239	255	273	134	134	190	194	186	194	121	141
SacRiver136	241	241	200	200	231	231	161	175	227	239	255	273	134	134	190	194	186	194	121	141
SacRiver136	241	241	200	200	231	231	161	175	227	239	255	273	134	134	190	194	186	194	121	141
SacRiver136	241	241	200	200	231	231	161	175	227	239	255	273	134	134	190	194	186	194	121	141
SacRiver136	241	241	200	200	231	231	161	175	227	239	255	273	134	134	190	194	186	194	121	141
SacRiver136	241	241	200	200	231	231	161	175	227	239	255	273	134	134	190	194	186	194	121	141
SacRiver136	241	241	200	200	231	231	161	175	227	239	255	273	134	134	190	194	186	194	121	141
SacRiver136	241	241	200	200	231	231	161	175	227	239	255	273	134	134	190	194	186	194	121	141
SacRiver136	241	241	200	200	231	231	161	175	227	239	255	273	134	134	190	194	186	194	121	141
SacRiver136	241	241	200	200	231	231	161	175	227	227	255	255	134	134	190	194	186	194	121	141
SacRiver136	241	241	200	200	231	231	161	175	227	227	-99	-99	134	134	190	194	-99	-99	121	141
SacRiver137	241	241	198	200	227	227	175	177	213	227	255	273	134	134	190	190	182	194	121	121
SacRiver138	239	241	196	200	231	231	175	177	223	227	255	273	126	134	194	194	186	190	121	141
SacRiver138	239	241	196	200	231	231	175	177	223	227	255	273	126	134	194	194	186	190	121	141
SacRiver138	239	241	196	200	231	231	175	177	223	227	255	273	126	134	194	194	186	190	121	141
SacRiver138	239	241	196	200	231	231	175	177	223	227	255	273	126	134	194	194	186	190	121	141
SacRiver138	239	241	196	200	231	231	175	177	223	227	255	273	126	134	194	194	186	190	121	141
SacRiver138	239	241	196	200	231	231	175	177	223	227	255	273	126	134	194	194	186	190	121	141
SacRiver138	239	241	196	200	231	231	177	177	223	227	255	273	126	134	194	194	186	190	121	141
SacRiver139	239	239	196	196	227	227	175	177	223	227	255	255	134	134	190	194	164	194	121	141
SacRiver139	239	239	196	196	227	227	175	177	223	227	255	255	134	134	190	194	164	194	121	141
SacRiver139	239	239	196	196	227	227	175	177	223	227	255	255	134	134	190	194	164	194	121	141
SacRiver139	239	239	196	196	227	227	175	177	223	227	253	255	134	134	190	194	164	194	121	141
SacRiver140	241	241	198	200	233	233	161	179	213	213	255	255	134	134	190	190	190	194	121	121
SacRiver141	241	241	196	196	227	231	161	177	223	239	255	273	122	134	190	198	194	194	119	141
SacRiver141	241	241	196	196	227	231	161	177	223	239	255	273	122	134	190	198	194	194	119	141
SacRiver141	241	241	196	196	227	231	161	177	223	239	255	273	122	134	190	198	194	194	119	141
SacRiver141	241	241	196	196	227	231	161	177	223	239	255	273	122	134	190	198	194	194	119	141
SacRiver143	239	241	196	200	231	231	161	177	239	239	273	273	122	134	190	198	186	194	119	141
SacRiver143	239	241	196	200	231	231	161	177	239	239	273	273	122	134	190	198	186	194	119	141
SacRiver143	239	241	196	200	231	231	161	177	239	239	273	273	122	134	190	198	186	194	119	141
SacRiver145	239	239	196	200	227	231	175	177	223	227	255	269	134	134	190	194	190	194	119	121
SacRiver145	239	239	196	200	227	231	175	177	223	227	255	269	134	134	190	194	190	194	119	121
SacRiver145	239	239	196	200	227	231	175	177	223	227	255	269	134	134	190	194	190	194	119	121
SacRiver145	239	239	196	200	227	231	175	177	223	227	255	269	130	134	190	194	190	194	119	121
SacRiver146	239	239	196	200	231	231	177	177	213	239	273	277	122	138	190	190	182	194	121	141
SacRiver147	241	241	194	200	231	233	175	175	223	227	255	255	122	122	190	194	190	190	121	141
SacRiver148	241	241	198	200	233	233	161	177	213	223	255	277	122	134	190	190	182	194	121	121
SacRiver149	239	241	200	200	231	233	161	179	239	239	261	273	122	134	190	190	186	190	121	121
SacRiver149	239	241	200	200	231	233	161	179	239	239	261	273	122	134	190	190	186	190	121	121
SacRiver149	239	241	200	200	231	233	161	179	239	239	261	273	122	134	190	190	186	190	121	121
SacRiver149	239	241	200	200	231	233	161	179	239	239	261	273	122	134	190	190	186	190	121	121
SacRiver150	241	241	200	200	231	233	161	175	227	239	255	255	134	138	190	194	178	194	121	121
SacRiver151	-99	-99	196	196	227	231	175	175	-99	-99	-99	-99	134	134	190	190	164	194	119	141
SacRiver152	239	239	196	200	231	231	175	177	-99	-99	255	269	134	134	190	190	182	190	121	121
SacRiver152	239	239	196	200	231	231	177	177	227	239	255	269	134	134	190	190	182	190	121	121
SacRiver153	239	241	196	196	227	227	175	175	227	239	255	267	126	134	194	194	164	190	121	141
SacRiver154	241	241	196	196	227	231	175	175	223	227	245	255	134	134	190	194	164	190	121	141
SacRiver155	239	241	196	200	227	227	161	177	223	227	255	273	134	138	194	194	190	190	141	141
SacRiver156	239	241	196	200	227	231	175	177	213	227	255	277	134	134	190	194	182	190	121	141
SacRiver156	239	241	196	200	227	231	175	177	213	227	255	277	134	134	190	194	182	190	121	141
SacRiver156	239	241	196	200	227	231	175	177	213	227	255	277	118	134	190	194	182	190	121	141
SacRiver157	239	239	196	200	231	231	175	179	227	227	267	267	134	134	190	190	190	198	121	141
SacRiver158	239	241	196	196	231	231	177	177	213	227	267	277	122	134	190	190	190	194	121	141
SacRiver159	241	241	194	196	231	231	175	177	227	231	255	269	126	134	190	190	182	190	121	121
SacRiver160	239	241	194	200	227	231	177	177	227	227	277	277	122	134	190	190	194	194	119	141
SacRiver161	239	241	196	198	231	231	177	179	227	227	273	277	122	134	190	190	190	194	121	121
SacRiver162	239	239	198	200	231	231	175	177	219	227	255	269	122	126	190	194	164	178	121	141
SacRiver162	239	239	198	200	231	231	175	177	219	227	255	269	122	126	190	194	164	178	121	141
SacRiver163	239	241	200	200	231	231	177	177	227	227	245	255	134	144	190	194	182	194	121	121
SacRiver163	239	241	200	200	231	231	177	177	227	227	245	255	134	144	190	194	182	194	121	121
SacRiver163	239	241	200	200	231	231	177	177	227	227	245	255	134	144	190	194	182	194	121	121
SacRiver164	239	241	200	200	227	227	177	177	223	227	255	277	134	134	194	198	164	186	121	121
SacRiver164	239	241	200	200	227	227	177	177	223	227	255	277	134	134	194	198	164	186	121	121
SacRiver165	239	239	196	200	231	231	161	177	213	231	255	273	122	134	182	198	190	194	119	121
SacRiver166	239	241	196	200	227	231	177	177	213	219	255	277	122	134	190	190	190	194	119	121
SacRiver166	239	241	196	200	227	231	177	177	213	219	255	277	122	134	190	190	190	194	119	121
SacRiver166	239	241	196	200	227	231	177	177	213	219	255	277	122	134	190	190	190	194	119	121
SacRiver166	239	241	196	200	227	231	177	177	213	219	255	277	122	134	190	190	190	194	119	121
SacRiver166	239	241	196	200	227	231	177	177	213	219	255	277	122	134	190	190	190	194	119	121
SacRiver167	239	241	196	196	231	231	173	177	223	223	267	267	134	134	190	190	190	194	121	121
SacRiver168	239	241	196	196	227	231	175	179	223	227	255	277	134	134	182	190	164	190	121	121
SacRiver169	239	241	196	200	227	233	177	177	227	227	261	273	126	138	182	190	190	194	141	141
SacRiver169	239	241	196	200	227	233	177	177	227	227	261	273	126	138	182	190	190	194	141	141
SacRiver169	239	241	196	200	227	233	177	177	227	227	261	273	126	138	182	190	190	194	141	141
SacRiver170	239	241	196	200	227	231	177	177	213	217	269	273	134	134	182	190	194	198	121	121
SacRiver171	239	241	198	200	227	231	175	177	219	223	255	277	134	134	190	190	164	194	121	121
SacRiver171	239	241	198	200	227	231	175	177	219	223	255	277	134	134	190	190	164	194	121	121
SacRiver171	239	241	198	200	227	231	175	177	219	223	255	277	134	134	190	190	164	194	121	121
SacRiver172	241	241	196	196	231	231	175	179	213	223	261	269	126	134	182	190	182	190	121	121
SacRiver173	239	239	200	200	227	231	161	177	239	239	255	277	134	134	190	190	164	194	121	121
SacRiver173	239	239	200	200	-99	-99	161	177	239	239	255	255	134	134	190	190	164	194	121	121
SacRiver174	239	241	196	200	227	231	177	177	237	239	255	267	134	134	190	190	164	194	121	121
SacRiver175	239	241	196	198	233	233	177	177	223	227	-99	-99	128	138	190	190	174	174	121	141
