ID	ADCYC	ADCYC	BM6506	BM6506	CELB9	CELB9	CERVID1	CERVID1	ETH152	ETH152	SBTD04	SBTD04	SBTD05	SBTD05	SBTD06	SBTD06	SBTD07	SBTD07	TGLA94	TGLA94
S16-0797	241	241	194	196	227	233	177	179	223	231	273	273	122	130	190	190	160	160	121	141
S16-0799	239	241	194	196	227	233	177	177	223	231	273	273	122	130	190	190	160	160	121	141
S16-0800	-99	-99	200	200	229	229	175	177	219	223	273	273	122	126	190	190	160	160	141	141
S16-0801	239	239	196	196	233	233	175	177	227	239	245	289	128	128	182	198	-99	-99	121	121
S16-0802	241	241	196	200	227	227	161	175	227	231	-99	-99	122	126	182	190	-99	-99	121	141
S16-0806	239	239	196	198	233	233	175	179	219	231	265	273	122	122	182	182	-99	-99	119	121
S16-0808	241	241	196	200	227	233	161	175	219	227	269	273	126	128	190	194	164	164	121	121
S16-0810	-99	-99	200	200	-99	-99	177	177	221	223	-99	-99	122	138	190	190	160	160	121	121
S16-0811	239	241	196	200	227	233	175	177	219	231	273	273	122	128	190	198	160	160	141	141
S16-0812	239	241	196	200	227	233	177	177	221	223	273	273	122	138	190	198	160	160	121	141
S16-0814	241	241	196	200	231	235	159	175	213	217	273	277	122	126	190	190	-99	-99	141	141
S16-0818	239	241	196	196	227	233	175	179	231	231	273	285	134	134	182	190	186	186	141	141
S16-0820	239	241	196	196	227	233	175	179	231	231	273	285	134	134	182	190	186	186	141	141
S16-0821	241	241	196	196	233	233	161	175	213	219	269	273	128	138	190	198	160	160	121	141
S16-0822	239	241	196	200	227	233	175	181	227	231	245	245	122	122	190	190	-99	-99	121	121
S16-0823	239	241	194	196	229	233	161	177	219	231	245	245	134	134	190	190	164	164	141	141
S16-0825	239	241	194	196	227	229	177	179	219	231	245	255	134	138	190	190	-99	-99	121	141
S16-0826	239	239	196	198	231	231	177	177	219	219	273	277	126	126	182	190	164	164	121	121
S16-0827	239	239	196	198	231	231	177	177	219	219	-99	-99	126	126	182	190	164	164	121	121
S16-0830	239	241	196	200	227	229	177	177	213	221	255	263	134	134	182	198	-99	-99	121	141
S16-0831	241	241	194	196	227	233	175	175	219	221	273	277	134	134	190	198	160	160	121	121
S16-0832	239	241	196	200	227	229	177	183	213	221	263	263	134	138	182	198	-99	-99	121	141
S16-0833	-99	-99	196	200	-99	-99	175	177	213	213	-99	-99	128	128	190	198	182	190	121	141
S16-0834	239	241	196	198	227	231	175	177	219	227	255	277	128	134	182	182	164	190	121	141
S16-0835	239	241	194	194	233	233	171	171	213	219	255	255	122	138	182	190	164	168	121	121
S16-0836	241	241	196	196	233	233	161	175	213	219	263	277	122	126	190	194	190	190	121	141
S16-0838	241	241	196	196	231	233	175	175	213	231	263	273	122	128	190	194	-99	-99	121	141
S16-0839	239	241	194	194	233	233	171	171	213	219	255	255	122	138	182	190	-99	-99	121	121
S16-0840	241	241	194	196	227	233	175	175	219	221	273	277	134	134	190	198	160	190	121	121
S16-0841	239	241	196	200	227	229	175	177	213	221	-99	-99	134	138	-99	-99	-99	-99	121	141
S16-0842	239	241	194	196	229	233	161	177	219	231	245	245	134	134	190	190	164	164	141	141
S16-0843	239	241	196	196	229	233	175	175	213	231	245	273	138	138	190	198	190	190	129	141
S16-0845	239	239	196	196	231	235	175	175	219	223	249	277	116	138	190	194	-99	-99	121	121
S16-0847	241	241	196	196	231	233	175	175	213	231	263	273	122	128	190	194	-99	-99	121	141
S16-0848	241	241	194	196	227	233	175	175	219	221	273	277	134	134	190	198	160	190	121	121
S16-0849	241	241	196	196	233	233	173	173	221	235	245	277	126	128	182	190	-99	-99	141	141
S16-0850	239	241	196	196	233	233	177	177	213	227	263	273	128	134	190	190	164	164	121	121
S16-0851	239	241	196	200	229	229	175	175	219	227	273	277	122	138	190	190	190	198	121	121
S16-0852	241	241	196	196	227	233	173	181	219	231	245	273	128	134	190	198	190	190	119	141
S16-0853	241	241	196	200	227	227	179	181	213	219	245	263	122	122	182	190	-99	-99	119	141
S16-0854	239	241	196	200	229	233	161	175	219	231	273	277	128	138	182	190	-99	-99	121	141
S16-0855	241	241	196	196	-99	-99	177	181	231	231	273	273	134	138	190	198	190	194	121	121
S16-0856	241	241	194	196	227	233	173	181	213	213	255	255	138	138	182	182	-99	-99	121	141
S16-0857	241	241	196	196	233	233	161	173	213	223	273	277	122	122	190	198	-99	-99	121	141
S16-0858	239	241	196	196	229	233	173	173	213	213	273	277	122	134	182	190	182	190	121	121
S16-0859	239	241	196	196	229	233	173	173	213	213	273	277	122	134	182	190	182	182	121	121
S16-0860	241	241	196	200	229	229	175	175	219	227	277	277	122	138	190	190	-99	-99	121	121
S16-0861	241	241	196	200	233	233	161	171	219	223	273	289	128	128	182	190	160	160	121	141
S16-0862	241	241	196	196	233	233	161	173	213	223	-99	-99	122	122	190	198	174	174	121	141
S16-0863	239	239	194	196	229	231	171	175	213	227	267	267	122	144	190	190	190	190	121	121
S16-0864	239	241	196	200	229	229	175	175	219	227	273	277	122	138	190	190	-99	-99	121	121
S16-0865	239	241	196	196	229	233	173	173	213	213	273	277	122	134	182	190	190	190	121	121
S16-0866	241	241	196	200	233	233	161	171	219	223	273	289	128	128	182	190	160	160	121	141
S16-0867	241	241	196	196	227	233	173	181	219	231	245	273	128	134	190	198	190	190	119	141
S16-0868	239	241	196	196	233	233	177	177	227	231	245	273	128	128	190	198	182	190	121	141
S16-0869	239	241	196	196	229	233	161	161	219	231	273	277	122	128	182	190	-99	-99	121	121
S16-0871	241	241	196	196	227	237	173	175	219	231	245	245	122	122	190	198	164	164	119	141
S16-0872	241	241	196	196	233	233	161	177	219	227	245	245	126	126	190	190	164	164	121	141
S16-0873	239	241	194	196	229	229	161	175	231	239	273	277	138	138	190	190	164	190	121	141
S16-0874	241	241	196	196	233	233	161	177	219	227	245	277	126	134	190	190	164	164	121	141
S16-0875	239	241	196	200	229	229	175	175	219	227	273	277	122	138	190	190	190	198	121	121
S16-0876	239	241	194	196	233	233	175	175	213	227	273	273	134	138	182	190	-99	-99	121	121
S16-0877	241	241	196	196	233	233	161	177	219	227	245	277	126	126	190	190	164	164	121	141
S16-0878	241	241	196	202	231	231	175	177	231	235	263	273	122	122	182	190	-99	-99	141	141
S16-0879	239	241	196	196	233	233	177	177	227	231	245	273	128	128	190	198	-99	-99	121	141
S16-0880	239	241	194	196	229	229	161	175	231	239	273	277	138	138	190	190	164	190	121	141
S16-0881	241	241	196	202	231	231	175	177	231	235	263	273	122	122	182	190	-99	-99	141	141
S16-0882	239	241	194	196	229	229	161	175	231	239	273	277	138	138	190	190	164	164	121	141
S16-0883	239	241	196	196	233	233	177	181	219	231	273	273	128	138	190	198	190	194	121	141
S16-0884	-99	-99	196	198	227	227	175	175	213	231	245	245	122	126	194	198	182	190	121	141
S16-0885	241	241	196	196	233	233	175	177	219	223	245	273	128	128	190	190	-99	-99	121	141
S16-0887	239	241	196	198	233	233	177	177	223	227	-99	-99	128	138	190	190	174	174	121	141
S16-0888	239	241	194	196	227	227	175	181	213	219	255	255	122	138	182	190	-99	-99	119	141
S16-0889	239	241	194	196	-99	-99	175	177	213	227	273	277	134	138	182	190	178	182	121	121
S16-0890	239	241	196	200	-99	-99	175	177	219	219	269	269	122	128	182	190	-99	-99	121	129
S16-0891	239	241	196	200	229	229	175	177	219	219	269	277	122	128	182	190	190	190	121	129
S16-0892	239	239	196	196	231	233	177	177	213	235	277	277	126	126	190	194	190	194	121	141
S16-0893	239	239	196	198	233	233	177	177	227	235	277	281	126	128	190	190	-99	-99	121	141
S16-0894	239	241	194	196	233	233	175	177	213	227	273	277	134	138	182	190	178	182	121	121
S16-0895	241	241	196	200	229	229	175	177	219	219	269	277	122	128	182	190	-99	-99	121	121
S16-0896	241	241	196	196	233	233	161	161	219	231	267	273	122	128	190	194	-99	-99	121	121
S16-0897	239	241	194	198	227	227	175	175	219	221	281	289	122	134	190	190	160	160	121	121
S16-0898	239	239	196	200	233	233	177	177	213	227	273	277	126	138	182	194	182	194	121	141
S16-0899	241	241	196	202	231	231	175	177	231	235	263	273	122	138	182	190	160	170	141	141
S16-0900	239	241	196	200	227	233	175	175	223	231	245	277	122	126	190	190	186	190	121	141
S16-0901	241	241	196	200	227	231	175	175	213	223	245	273	126	126	190	194	-99	-99	121	141
S16-0902	239	241	196	196	229	233	173	173	213	213	273	277	122	134	182	190	182	190	121	121
S16-0903	241	241	194	196	233	233	175	177	213	231	255	273	128	128	182	190	160	164	119	121
S16-0904	-99	-99	196	196	-99	-99	173	177	221	221	-99	-99	126	128	182	190	178	182	141	141
S16-0905	239	239	196	196	229	233	173	173	213	213	-99	-99	122	134	182	190	182	190	121	121
S16-0907	239	241	200	200	227	227	175	179	213	229	273	285	128	128	190	190	170	170	119	129
S16-0908	241	241	194	196	227	233	-99	-99	213	231	255	273	134	138	-99	-99	182	190	121	141
S16-0909	241	241	200	200	227	233	161	175	223	231	261	263	134	134	190	194	-99	-99	121	129
S16-0913	239	241	196	196	233	233	161	181	231	231	253	273	128	128	182	194	-99	-99	121	141
S16-0914	-99	-99	198	200	227	227	173	175	213	217	-99	-99	122	134	190	190	178	190	121	141
S16-0915	239	241	196	200	229	229	175	175	219	227	273	277	122	138	190	190	190	198	121	121
S16-0916	241	241	196	196	233	233	161	177	219	227	245	277	126	134	190	190	164	190	121	141
S16-0917	-99	-99	196	196	-99	-99	161	181	231	231	253	273	128	128	182	194	-99	-99	121	141
S16-0919	241	241	196	202	231	231	175	177	-99	-99	263	273	122	138	182	190	-99	-99	121	141
S16-0920	241	241	196	196	227	233	173	181	219	231	245	245	128	128	190	198	-99	-99	119	141
S16-0921	239	241	198	200	233	233	177	177	221	227	-99	-99	126	138	190	198	160	160	141	141
S16-0922	239	241	196	196	233	233	177	177	227	231	245	273	128	128	190	198	182	182	121	141
S16-0923	241	241	196	196	227	227	175	179	223	227	273	277	122	128	190	190	190	194	121	141
S16-0924	239	241	198	200	227	233	173	175	213	217	245	273	122	134	190	190	178	190	121	141
S16-0925	239	241	196	200	229	233	175	177	219	219	273	277	122	128	182	190	190	190	121	129
S16-0926	239	241	194	196	233	233	175	177	213	227	273	277	134	138	182	190	178	182	121	121
S16-0927	239	241	196	200	229	229	175	177	217	219	269	277	122	128	182	190	190	190	121	129
S16-0928	239	241	196	200	229	229	175	177	219	219	269	277	122	128	182	190	190	190	121	129
S16-0929	239	241	198	200	227	233	175	175	213	223	245	273	122	126	190	198	160	190	119	141
S16-0930	241	241	196	202	231	231	175	177	231	235	263	273	122	138	182	190	160	170	141	141
S16-0931	239	241	198	198	227	227	175	177	223	231	263	273	128	138	190	190	160	190	121	141
S16-0932	239	241	196	200	233	233	177	177	213	227	273	277	126	138	182	194	182	194	121	141
S16-0933	239	239	196	198	233	233	177	177	227	235	277	281	126	128	190	190	160	190	121	141
S16-0934	239	241	196	198	227	227	173	177	219	231	273	273	128	138	182	190	174	190	121	121
S16-0935	239	241	194	198	227	227	175	175	221	223	281	289	122	134	190	190	160	190	121	121
S16-0936	239	239	196	198	233	233	177	187	227	235	277	281	126	128	190	190	160	190	121	141
S16-0938	241	241	196	196	227	227	175	177	217	219	273	273	122	122	182	190	182	182	121	141
S16-0939	241	241	196	202	231	231	175	177	231	235	263	273	122	138	182	190	160	170	141	141
S16-0940	239	241	196	198	233	233	177	177	223	227	273	281	128	138	190	190	160	190	121	141
S16-0941	239	241	196	196	227	233	175	179	213	231	255	267	128	128	194	198	190	194	121	141
S16-0942	239	241	-99	-99	227	229	175	177	221	227	273	277	122	134	190	190	160	190	121	121
S16-0943	239	241	196	196	227	233	175	179	213	231	255	267	128	128	194	198	190	194	121	141
S16-0944	239	241	196	200	229	233	175	175	227	235	273	277	122	122	190	190	-99	-99	121	141
S16-0945	239	241	196	200	229	229	175	175	227	227	273	277	122	122	190	190	194	198	121	121
S16-0946	239	241	196	200	229	229	175	175	227	227	273	277	122	122	190	190	194	198	121	121
S16-0947	239	241	196	196	233	233	161	181	231	231	253	273	128	128	182	194	182	190	121	141
S16-0948	239	241	198	200	233	233	177	177	221	227	273	281	126	138	190	198	160	160	141	141
S16-0949	239	241	196	196	227	233	175	179	213	231	255	267	128	128	194	198	190	194	121	141
S16-0950	241	241	196	208	227	229	175	177	217	219	273	273	110	122	182	190	182	182	121	141
S16-0951	239	239	196	198	233	233	177	177	227	235	-99	-99	126	128	190	190	160	190	121	141
S16-0952	239	239	196	200	227	227	175	175	223	231	-99	-99	122	126	190	190	186	186	121	141
S16-0953	239	241	194	196	227	227	171	175	219	235	245	277	134	138	190	194	160	182	121	141
S16-0954	241	241	196	202	-99	-99	175	177	231	235	273	273	122	122	182	190	160	160	141	141
S16-0955	239	241	194	196	231	233	177	177	213	235	277	277	126	126	190	194	190	194	121	141
S16-0959	239	239	194	196	233	233	173	177	213	227	277	277	128	134	190	190	182	190	121	121
S16-0962	239	241	196	200	227	233	175	175	223	231	245	277	122	126	190	190	186	190	121	141
S16-0965	239	239	196	198	233	233	177	177	227	235	277	281	126	128	190	190	160	190	121	141
S16-0966	239	241	196	198	227	227	173	175	213	231	245	245	122	126	194	198	182	190	121	141
S16-0967	239	241	198	200	233	233	177	177	221	227	273	281	126	138	190	198	160	160	141	141
S16-0968	241	241	196	200	229	229	175	175	227	227	-99	-99	122	122	190	190	194	194	121	121
S16-0969	241	241	196	202	231	231	175	177	231	235	263	273	122	138	182	190	160	170	141	141
S16-0970	241	241	196	200	229	229	175	175	227	227	273	277	122	122	190	190	194	198	121	121
S16-0971	241	241	194	196	227	227	175	177	217	219	273	273	122	122	182	190	182	182	121	141
S16-0972	241	241	196	200	229	229	175	175	227	227	273	277	122	122	190	190	194	198	121	121
S16-0973	241	241	196	200	229	229	175	177	227	227	273	277	104	122	190	190	194	198	121	121
S16-0974	239	241	196	196	233	233	175	175	231	231	273	273	126	134	190	190	182	190	121	121
S16-0975	239	241	196	200	227	233	175	175	223	231	245	245	122	126	190	190	186	190	121	141
S16-0976	239	241	194	196	227	227	177	177	219	231	255	255	128	144	190	190	-99	-99	141	141
S16-0977	239	241	196	200	229	229	175	177	219	219	269	277	122	128	182	190	190	190	121	129
S16-0978	239	241	198	198	227	227	175	177	223	231	263	273	128	138	190	190	160	160	121	141
S16-0979	241	241	196	196	233	233	175	177	219	223	245	273	122	128	190	190	170	190	121	141
S16-0980	239	241	196	196	233	233	161	181	231	231	253	273	126	128	182	194	182	190	121	141
S16-0981	239	239	196	200	231	235	177	177	213	227	273	277	126	134	182	194	178	182	121	141
S16-0982	241	241	196	196	233	233	161	177	219	231	267	273	122	128	190	194	190	194	121	121
S16-0983	239	241	196	198	227	227	175	175	213	231	245	245	122	126	194	198	182	190	121	141
S16-0984	239	241	194	196	233	233	175	175	213	227	273	277	134	138	182	190	178	182	121	121
S16-0986	239	241	196	196	229	233	173	173	213	213	273	277	122	122	182	190	182	190	121	121
S16-0987	239	241	196	196	229	233	173	173	213	213	273	277	122	134	182	190	182	190	121	121
S16-0989	241	241	196	196	227	227	175	179	223	227	273	277	122	128	190	190	190	194	121	141
S16-0990	-99	-99	196	200	229	229	175	175	219	227	-99	-99	122	138	190	190	-99	-99	121	121
S16-0991	239	241	196	200	229	229	175	177	219	227	273	277	122	138	190	190	190	198	121	141
S16-0992	239	241	196	196	227	233	175	175	213	231	255	267	128	128	194	198	190	194	121	141
S16-0997	239	241	196	202	231	231	175	177	231	235	263	273	122	138	182	190	160	170	141	141
S16-0998	239	241	196	200	233	233	177	177	213	227	273	273	126	138	182	194	-99	-99	121	141
S16-0999	239	241	196	202	231	231	175	177	231	235	263	273	122	138	182	190	160	170	141	141
S16-1000	-99	-99	200	200	-99	-99	175	175	213	223	245	245	126	126	190	194	178	186	121	141
S16-1001	239	241	194	196	233	233	175	175	213	227	273	277	138	138	182	190	178	182	121	121
S16-1002	239	241	196	200	233	233	177	177	213	227	273	277	126	138	182	194	182	194	121	141
S16-1003	-99	-99	196	200	229	229	175	175	227	227	277	277	122	122	190	190	198	198	121	121
S16-1004	239	241	196	198	233	233	177	177	223	227	273	281	128	138	190	190	160	190	121	141
S16-1005	239	241	194	196	227	227	177	177	219	231	255	255	128	144	190	190	-99	-99	141	141
S16-1006	-99	-99	196	196	-99	-99	177	177	227	231	245	245	128	128	190	198	-99	-99	121	141
S16-1007	239	241	196	198	227	227	175	175	213	231	245	245	122	122	194	198	-99	-99	121	141
S16-1009	239	241	196	200	229	229	175	175	219	227	273	277	122	138	190	190	190	198	121	121
S16-1010	241	241	196	200	229	229	175	175	219	227	-99	-99	122	138	190	190	-99	-99	121	121
S16-1012	239	241	196	196	233	233	161	181	231	231	253	273	126	128	182	194	182	190	121	141
S16-1014	239	239	198	200	227	233	173	175	213	217	245	245	122	134	190	190	178	178	121	141
S16-1016	239	241	196	200	231	231	177	179	213	231	263	273	128	134	190	198	182	190	121	121
S16-1017	239	241	196	196	233	233	175	177	213	223	255	265	126	134	182	190	182	194	121	121
S16-1018	239	241	196	200	229	233	175	175	213	219	273	277	122	122	190	190	190	198	121	121
S16-1019	239	241	196	200	229	233	161	175	219	231	273	277	128	138	182	190	190	198	121	141
S16-1020	239	241	196	200	229	233	177	177	219	227	245	277	122	128	190	190	190	190	121	141
S16-1021	239	241	196	196	229	233	171	173	213	213	273	277	122	122	182	190	182	190	121	121
S16-1022	239	241	196	202	229	229	161	161	219	231	277	277	122	128	182	190	182	190	121	121
S16-1024	241	241	196	196	227	233	173	181	219	219	245	273	128	134	190	198	190	190	119	141
S16-1026	241	241	198	200	233	233	161	179	231	235	263	273	134	138	182	194	190	190	121	141
S16-1027	239	241	196	200	229	229	175	175	219	227	273	277	122	138	190	190	190	198	121	121
S16-1028	239	241	194	200	227	231	177	177	239	239	273	277	122	128	182	190	190	190	141	141
S16-1029	239	241	196	200	227	233	175	175	213	239	277	277	126	128	182	190	190	190	141	141
S16-1033	239	241	198	200	231	239	177	177	213	239	-99	-99	122	128	182	182	190	190	121	141
S16-1035	239	241	194	200	227	231	177	177	239	239	273	277	122	128	182	190	190	190	141	141
S16-1036	239	241	194	200	227	231	177	177	239	239	273	277	122	128	182	190	190	190	141	141
S16-1037	239	241	194	200	227	231	177	177	239	239	273	277	122	128	182	190	190	190	141	141
S16-1038	239	241	196	200	227	233	175	175	213	239	277	277	126	128	182	190	190	190	141	141
S16-1039	239	241	198	198	231	233	177	177	213	239	273	277	122	128	182	182	190	190	121	141
S16-1040	-99	-99	194	200	227	229	177	177	239	239	-99	-99	122	128	182	190	190	190	141	141
S16-1041	239	239	194	196	231	231	177	177	213	213	-99	-99	122	144	190	190	164	178	121	129
S16-1042	239	239	198	200	233	233	177	177	213	239	273	277	122	128	182	182	190	190	121	141
S16-1043	241	241	198	200	231	231	177	177	213	239	-99	-99	122	128	182	190	190	190	121	141
S16-1044	239	241	194	196	233	233	177	177	227	235	261	273	134	138	190	190	182	190	121	141
S16-1045	239	241	194	200	227	231	177	177	239	239	273	277	122	128	182	190	190	190	141	141
S16-1046	-99	-99	198	200	233	233	177	177	-99	-99	277	277	122	128	182	182	-99	-99	121	141
S16-1047	239	241	198	200	231	233	177	177	213	239	273	277	122	128	182	182	190	190	121	141
S16-1048	239	239	198	200	-99	-99	177	177	213	239	-99	-99	122	128	182	182	190	190	121	141
S16-1049	239	241	194	200	227	231	177	177	239	239	273	277	122	128	182	190	190	190	141	141
S16-1050	239	241	194	200	227	231	177	177	239	239	273	277	122	128	182	190	190	190	141	141
S16-1051	239	241	194	196	233	233	177	177	227	235	261	273	134	138	190	190	182	190	121	141
S16-1052	239	241	194	200	227	231	177	177	239	239	273	277	122	128	182	190	190	190	141	141
S16-1053	239	241	196	200	227	233	175	175	213	239	277	277	128	128	182	190	190	190	141	141
S16-1054	239	241	198	200	231	233	177	177	213	239	277	277	122	128	182	182	190	190	121	141
S16-1055	239	241	196	200	227	233	175	175	213	227	261	277	126	134	182	194	190	190	121	141
S16-1056	239	241	196	200	227	233	175	175	213	227	261	277	126	134	182	194	190	190	121	141
S16-1057	239	241	198	200	231	233	177	177	213	239	273	277	122	128	182	194	190	190	121	141
S16-1058	239	239	194	200	-99	-99	177	177	239	239	-99	-99	122	128	182	190	190	190	141	141
S16-1059	239	241	194	196	233	233	177	177	227	235	261	273	134	138	190	190	182	190	121	141
S16-1060	241	241	196	200	231	231	177	177	213	213	277	277	122	126	182	190	190	190	121	141
S16-1063	239	241	196	200	227	233	175	175	213	239	277	277	126	128	182	190	190	190	141	141
S16-1065	239	241	198	200	231	233	177	177	213	239	273	277	122	128	182	182	190	190	121	141
S16-1066	241	241	194	200	231	231	177	177	239	239	-99	-99	122	128	182	190	190	190	141	141
S16-1067	239	241	194	200	227	231	177	177	237	239	273	277	122	128	182	190	190	190	141	141
S16-1068	239	241	198	200	231	233	177	177	213	239	273	277	122	128	182	182	190	190	121	141
S16-1069	241	241	196	200	231	231	177	177	213	239	277	277	122	126	182	190	190	190	121	141
S16-1070	239	241	196	200	227	233	175	175	213	239	277	277	126	128	182	190	190	190	141	141
S16-1071	241	241	196	200	227	233	175	175	213	239	277	277	126	128	182	190	190	190	141	141
S16-1072	239	241	196	200	227	233	175	175	213	227	261	277	126	134	182	194	190	190	121	141
S16-1074	239	241	196	200	227	233	175	175	213	239	277	277	126	128	182	190	190	190	141	141
S16-1075	241	241	196	200	231	231	177	177	213	239	277	277	122	126	182	190	190	190	121	141
S16-1076	-99	-99	194	200	231	231	177	177	239	239	-99	-99	122	128	182	190	190	190	141	141
S16-1077	239	239	194	200	227	227	177	177	-99	-99	273	277	122	128	182	190	190	190	141	141
S16-1079	239	241	194	200	227	231	177	177	239	239	273	277	122	128	182	190	190	190	141	141
S16-1080	239	241	194	200	227	231	177	177	239	239	273	277	122	128	182	190	190	190	141	141
S16-1081	241	241	198	200	231	231	173	177	213	217	261	285	122	126	190	198	182	182	121	129
S16-1082	239	241	194	200	227	231	177	177	239	239	273	277	122	128	182	190	186	190	141	141
S16-1084	-99	-99	196	200	227	233	175	175	213	239	-99	-99	126	128	182	190	190	190	141	141
S16-1085	239	241	194	196	233	233	177	177	227	235	261	273	134	138	190	190	182	190	121	141
S16-1087	239	241	194	200	227	231	177	177	239	239	-99	-99	122	128	182	190	190	190	141	141
S16-1089	239	241	196	200	227	233	175	175	213	227	261	277	126	134	182	194	190	190	121	141
S16-1090	241	241	196	200	-99	-99	173	175	213	239	-99	-99	126	128	182	190	190	190	141	141
S16-1091	239	239	194	200	-99	-99	177	177	239	239	-99	-99	122	128	182	190	-99	-99	141	141
S16-1092	239	241	196	200	227	233	175	175	213	239	277	277	128	128	182	190	190	190	141	141
S16-1093	239	241	196	200	227	233	175	175	213	239	277	277	126	128	182	190	190	190	141	141
S16-1094	241	241	196	200	227	233	173	175	213	239	277	277	126	128	182	190	190	190	141	141
S16-1095	239	241	196	200	233	233	177	181	213	213	255	255	130	134	190	190	178	194	121	129
S16-1098	239	241	194	200	233	233	177	177	213	227	255	273	122	134	190	190	182	190	121	141
S16-1100	239	241	198	200	233	233	-99	-99	213	213	255	263	122	134	182	182	178	182	121	121
S16-1101	239	241	196	200	227	233	175	175	213	239	277	277	126	128	182	190	190	202	141	141
S16-1102	239	241	196	200	233	233	177	181	213	213	255	255	130	134	190	190	178	194	121	129
S16-1103	241	241	194	200	233	233	177	177	213	227	273	277	126	134	182	190	162	190	129	129
S16-1104	239	241	198	200	231	233	177	177	213	239	273	277	122	128	182	182	190	190	121	141
S16-1105	239	241	196	200	233	233	177	181	213	213	255	255	130	134	190	190	178	194	121	129
S16-1106	239	241	196	200	227	233	175	175	213	239	277	277	126	128	182	190	190	190	141	141
S16-1107	239	239	196	200	227	233	175	175	213	239	277	277	126	128	182	190	190	190	141	141
S16-1108	239	241	198	200	231	233	177	177	213	239	273	277	122	128	182	182	190	190	121	141
S16-1109	241	241	196	200	231	231	177	177	213	239	277	277	122	126	182	190	190	190	121	141
S16-1110	239	241	198	200	231	233	177	177	213	239	273	277	122	128	182	182	190	190	121	141
S16-1112	239	241	194	200	227	231	177	177	239	239	273	277	122	128	182	190	190	190	141	141
S16-1113	239	239	198	200	241	241	177	177	217	227	255	277	134	134	190	190	164	190	121	141
S16-1114	239	241	194	200	231	231	177	177	239	239	273	273	122	128	182	190	190	190	141	141
S16-1115	239	241	196	200	227	233	175	175	213	239	277	277	126	128	182	190	190	190	141	141
S16-1116	239	241	196	200	227	233	175	175	213	239	277	277	126	128	182	190	190	190	141	141
S16-1117	239	241	194	196	233	233	177	177	227	235	261	273	134	138	190	190	182	190	121	141
S16-1118	239	239	198	200	241	241	177	177	217	227	255	255	134	134	190	190	164	190	121	141
S16-1119	239	239	198	200	241	241	177	177	217	227	255	277	134	134	190	190	164	164	121	141
S16-1120	239	241	196	196	231	231	177	177	227	235	263	273	128	134	190	194	164	190	121	141
S16-1121	239	241	194	196	233	233	177	179	227	235	261	273	134	138	190	190	182	190	121	141
S16-1122	239	241	194	196	233	233	177	177	227	235	261	273	134	138	190	190	182	190	121	141
S16-1123	-99	-99	194	200	227	227	177	177	239	239	-99	-99	122	128	182	190	190	190	141	141
S16-1124	-99	-99	194	200	-99	-99	177	177	239	239	-99	-99	122	128	182	190	190	190	141	141
S16-1125	241	241	198	200	231	231	173	177	213	217	261	285	122	126	190	198	182	182	121	129
S16-1126	239	241	194	196	233	233	177	177	227	235	261	273	134	138	190	190	182	190	121	141
S16-1127	239	241	194	196	233	233	177	177	227	235	261	273	134	138	190	190	182	190	121	141
S16-1129	239	241	194	196	-99	-99	177	177	227	235	261	273	134	138	190	190	182	190	121	141
S16-1130	239	241	196	196	231	231	177	177	227	235	263	273	128	128	190	194	164	190	121	141
S16-1133	239	241	196	200	227	233	175	175	213	227	261	277	126	134	182	194	190	190	121	141
S16-1134	239	241	196	200	227	233	175	175	213	239	277	277	126	128	182	190	190	190	141	141
S16-1135	239	241	194	196	233	233	177	177	227	235	261	273	134	138	190	190	182	190	121	141
S16-1136	239	241	196	200	233	233	177	181	213	213	255	255	130	134	190	190	178	194	121	129
S16-1137	239	241	196	200	233	233	177	181	213	213	255	255	130	134	190	190	178	194	121	129
S16-1138	239	241	198	200	233	233	173	177	213	213	255	263	122	134	182	182	178	182	121	121
S16-1139	239	239	198	200	241	241	177	177	217	227	255	277	134	134	190	190	164	164	121	141
S16-1140	239	241	198	200	233	233	173	177	213	213	255	263	122	134	182	182	178	182	121	121
S16-1141	239	239	196	196	-99	-99	177	177	227	235	263	263	128	134	190	194	164	164	121	141
S16-1142	241	241	196	200	233	233	175	175	213	213	-99	-99	126	134	182	194	190	190	121	141
S16-1143	239	241	198	200	231	231	177	177	213	239	-99	-99	122	128	182	182	190	190	121	141
S16-1145	239	241	198	200	231	233	177	177	213	239	273	277	122	128	182	182	190	190	121	141
S16-1146	239	241	194	200	227	231	177	177	233	239	273	277	122	128	182	190	190	190	141	141
S16-1147	241	241	196	200	231	231	175	177	213	227	245	277	134	134	190	190	162	194	121	141
S16-1148	241	241	200	200	231	231	177	177	227	227	277	277	134	134	190	190	164	194	121	121
S16-1149	241	241	200	200	231	231	177	177	227	227	277	277	134	134	190	190	164	194	121	121
S16-1151	241	241	196	200	227	231	177	181	227	227	277	277	134	134	190	190	164	194	119	121
S16-1152	239	241	194	196	227	231	177	177	217	231	267	273	126	134	190	190	190	190	119	121
S16-1153	241	241	200	200	231	231	175	177	213	227	245	277	134	134	190	190	190	194	121	141
S16-1154	239	241	196	200	227	227	161	177	223	227	261	273	134	134	190	194	182	190	119	121
S16-1156	-99	-99	200	200	-99	-99	161	175	227	227	-99	-99	122	134	190	190	178	186	121	141
S16-1157	-99	-99	200	200	227	227	175	175	227	239	-99	-99	122	126	182	194	164	190	121	141
S16-1158	239	239	200	200	231	231	161	175	227	239	-99	-99	122	134	190	190	178	186	121	141
S16-1159	-99	-99	196	196	227	227	161	177	223	223	-99	-99	122	134	190	198	194	194	119	141
S16-1160	239	241	200	200	231	231	161	175	227	239	273	273	122	134	190	190	178	186	121	141
S16-1161	241	241	196	200	227	231	175	177	213	239	255	255	122	134	194	198	182	190	121	121
S16-1162	239	241	196	200	227	227	161	177	223	227	261	273	134	134	190	194	182	190	119	121
S16-1163	239	241	200	200	231	231	161	175	227	239	273	273	122	134	190	190	178	186	121	141
S16-1164	241	241	200	200	231	231	161	175	227	239	255	273	134	134	190	194	186	194	121	141
S16-1165	241	241	200	200	231	231	161	175	227	239	255	273	134	134	190	194	186	194	121	141
S16-1166	241	241	198	200	227	227	175	177	213	227	255	273	134	134	190	190	182	194	121	121
S16-1167	239	241	200	200	231	231	161	175	227	239	273	273	122	134	190	190	178	186	121	141
S16-1168	239	241	196	200	231	231	175	177	223	227	255	273	126	134	194	194	186	190	121	141
S16-1169	241	241	200	200	231	231	161	175	227	227	-99	-99	122	134	190	190	178	186	121	141
S16-1170	239	241	200	200	231	231	161	175	227	239	273	273	122	134	190	190	178	186	121	141
S16-1171	239	241	196	200	231	231	175	177	223	227	255	273	126	134	194	194	186	190	121	141
S16-1172	239	239	196	196	227	227	175	177	223	227	255	255	134	134	190	194	164	194	121	141
S16-1173	239	241	196	200	231	231	175	177	223	227	255	273	126	134	194	194	186	190	121	141
S16-1174	239	241	200	200	231	231	161	175	227	239	273	273	122	134	190	190	178	186	121	141
S16-1175	239	241	200	200	231	231	161	175	227	239	273	273	122	134	190	190	178	186	121	141
S16-1176	239	241	200	200	231	231	161	175	227	239	273	273	122	134	190	190	178	186	121	141
S16-1177	239	241	200	200	231	231	161	175	227	239	273	273	122	134	190	190	178	186	121	141
S16-1178	241	241	198	200	233	233	161	179	213	213	255	255	134	134	190	190	190	194	121	121
S16-1179	239	241	200	200	231	231	161	175	227	239	273	273	122	134	190	190	178	186	121	141
S16-1180	241	241	196	196	227	231	161	177	223	239	255	273	122	134	190	198	194	194	119	141
S16-1181	239	241	196	200	231	231	161	177	-99	-99	273	277	-99	-99	190	190	-99	-99	121	141
S16-1182	239	241	196	200	231	231	161	177	239	239	273	273	122	134	190	198	186	194	119	141
S16-1183	239	239	196	196	227	227	175	177	223	227	255	255	134	134	190	194	164	194	121	141
S16-1184	239	241	196	200	231	231	161	177	239	239	273	273	122	134	190	198	186	194	119	141
S16-1185	239	239	196	200	231	231	161	177	227	227	255	269	122	134	190	198	182	182	121	141
S16-1190	239	239	196	200	227	231	175	177	223	227	255	269	134	134	190	194	190	194	119	121
S16-1191	239	239	196	200	231	231	177	177	213	239	273	277	122	138	190	190	182	194	121	141
S16-1192	241	241	194	200	231	233	175	175	223	227	255	255	122	122	190	194	190	190	121	141
S16-1193	241	241	200	200	231	231	161	175	227	239	255	273	134	134	190	194	186	194	121	141
S16-1194	239	241	196	200	227	227	161	177	223	227	261	273	134	134	190	194	182	190	119	121
S16-1195	239	241	200	200	231	231	161	175	227	239	273	273	122	134	190	190	178	186	121	141
S16-1196	241	241	196	200	227	231	175	177	213	239	255	277	122	134	194	198	182	190	121	121
S16-1197	239	241	196	200	227	227	161	177	223	227	261	273	134	134	190	194	182	190	119	121
S16-1198	239	241	200	200	231	231	161	175	227	239	273	273	122	134	190	190	178	186	121	141
S16-1199	241	241	198	200	233	233	161	177	213	223	255	277	122	134	190	190	182	194	121	121
S16-1200	239	241	196	200	231	231	161	177	239	239	273	273	122	134	190	198	186	194	119	141
S16-1201	241	241	196	200	227	231	175	177	213	239	255	277	122	134	194	198	182	190	121	121
S16-1202	241	241	200	200	231	231	161	175	227	239	255	273	134	134	190	194	186	194	121	141
S16-1203	241	241	200	200	231	231	161	175	227	239	255	273	134	134	190	194	186	194	121	141
S16-1204	239	241	196	200	231	231	175	177	223	227	255	273	126	134	194	194	186	190	121	141
S16-1205	239	241	196	200	231	231	175	177	223	227	255	273	126	134	194	194	186	190	121	141
S16-1206	239	241	196	200	227	227	161	177	223	227	261	273	134	134	190	194	182	190	119	121
S16-1207	241	241	200	200	231	231	161	175	227	239	255	273	134	134	190	194	186	194	121	141
S16-1208	239	241	200	200	231	233	161	179	239	239	261	273	122	134	190	190	186	190	121	121
S16-1209	241	241	200	200	231	233	161	175	227	239	255	255	134	138	190	194	178	194	121	121
S16-1210	239	239	196	200	227	231	175	177	223	227	255	269	134	134	190	194	190	194	119	121
S16-1212	239	241	200	200	231	231	161	175	227	239	273	273	122	134	190	190	178	186	121	141
S16-1215	241	241	200	200	231	231	161	175	227	239	255	273	134	134	190	194	186	194	121	141
S16-1217	-99	-99	196	196	227	231	175	175	-99	-99	-99	-99	134	134	190	190	164	194	119	141
S16-1218	239	239	196	200	231	231	175	177	-99	-99	255	269	134	134	190	190	182	190	121	121
S16-1219	239	239	196	200	231	231	177	177	227	239	255	269	134	134	190	190	182	190	121	121
S16-1221	239	241	196	200	231	231	175	177	223	227	255	273	126	134	194	194	186	190	121	141
S16-1222	241	241	200	200	231	231	161	175	227	239	255	273	134	134	190	194	186	194	121	141
S16-1223	241	241	200	200	231	231	161	175	227	239	255	273	134	134	190	194	186	194	121	141
S16-1224	239	241	200	200	231	233	161	179	239	239	261	273	122	134	190	190	186	190	121	121
S16-1225	239	241	200	200	231	233	161	179	239	239	261	273	122	134	190	190	186	190	121	121
S16-1227	239	241	200	200	231	231	161	175	227	239	273	273	122	134	190	190	178	186	121	141
S16-1228	239	241	200	200	231	231	161	175	227	239	273	273	122	134	190	190	178	186	121	141
S16-1229	239	241	200	200	231	231	161	175	227	239	273	273	122	134	190	190	178	186	121	141
S16-1230	239	241	196	196	227	227	175	175	227	239	255	267	126	134	194	194	164	190	121	141
S16-1231	239	239	196	196	227	227	175	177	223	227	255	255	134	134	190	194	164	194	121	141
S16-1232	239	239	196	196	227	227	175	177	223	227	253	255	134	134	190	194	164	194	121	141
S16-1233	239	241	200	200	231	231	161	175	227	239	273	273	122	134	190	190	178	186	121	141
S16-1234	241	241	196	196	227	231	175	175	223	227	245	255	134	134	190	194	164	190	121	141
S16-1235	239	239	196	200	227	231	175	177	223	227	255	269	134	134	190	194	190	194	119	121
S16-1236	239	241	196	200	231	231	161	177	239	239	273	273	122	134	190	198	186	194	119	141
S16-1237	241	241	200	200	231	231	161	175	227	227	255	255	134	134	190	194	186	194	121	141
S16-1238	241	241	200	200	231	231	161	175	227	227	-99	-99	134	134	190	194	-99	-99	121	141
S16-1239	239	241	200	200	231	233	161	179	239	239	261	273	122	134	190	190	186	190	121	121
S16-1240	241	241	196	196	227	231	161	177	223	239	255	273	122	134	190	198	194	194	119	141
S16-1241	239	241	196	200	227	227	161	177	223	227	255	273	134	138	194	194	190	190	141	141
S16-1242	239	241	196	200	231	231	177	177	223	227	255	273	126	134	194	194	186	190	121	141
S16-1243	239	241	196	200	227	231	175	177	213	227	255	277	134	134	190	194	182	190	121	141
S16-1244	239	239	196	200	231	231	175	179	227	227	267	267	134	134	190	190	190	198	121	141
S16-1245	239	241	196	200	227	231	175	177	213	227	255	277	134	134	190	194	182	190	121	141
S16-1246	239	239	196	200	227	231	175	177	223	227	255	269	130	134	190	194	190	194	119	121
S16-1247	239	241	196	200	227	231	175	177	213	227	255	277	118	134	190	194	182	190	121	141
S16-1248	241	241	196	196	227	231	161	177	223	239	255	273	122	134	190	198	194	194	119	141
S16-1249	241	241	196	196	227	231	161	177	223	239	255	273	122	134	190	198	194	194	119	141
S16-1254	239	241	196	196	231	231	177	177	213	227	267	277	122	134	190	190	190	194	121	141
S16-1255	241	241	194	196	231	231	175	177	227	231	255	269	126	134	190	190	182	190	121	121
S16-1256	239	241	194	200	227	231	177	177	227	227	277	277	122	134	190	190	194	194	119	141
S16-1257	239	241	196	198	231	231	177	179	227	227	273	277	122	134	190	190	190	194	121	121
S16-1258	239	239	198	200	231	231	175	177	219	227	255	269	122	126	190	194	164	178	121	141
S16-1259	239	241	200	200	231	231	177	177	227	227	245	255	134	144	190	194	182	194	121	121
S16-1260	239	239	198	200	231	231	175	177	219	227	255	269	122	126	190	194	164	178	121	141
S16-1261	239	241	200	200	227	227	177	177	223	227	255	277	134	134	194	198	164	186	121	121
S16-1262	239	241	200	200	227	227	177	177	223	227	255	277	134	134	194	198	164	186	121	121
S16-1263	239	239	196	200	231	231	161	177	213	231	255	273	122	134	182	198	190	194	119	121
S16-1264	239	241	196	200	227	231	177	177	213	219	255	277	122	134	190	190	190	194	119	121
S16-1265	239	241	196	196	231	231	173	177	223	223	267	267	134	134	190	190	190	194	121	121
S16-1267	239	241	196	200	227	231	177	177	213	219	255	277	122	134	190	190	190	194	119	121
S16-1268	239	241	196	196	227	231	175	179	223	227	255	277	134	134	182	190	164	190	121	121
S16-1269	239	241	196	200	227	233	177	177	227	227	261	273	126	138	182	190	190	194	141	141
S16-1270	239	241	196	200	227	231	177	177	213	219	255	277	122	134	190	190	190	194	119	121
S16-1271	239	241	196	200	227	231	177	177	213	217	269	273	134	134	182	190	194	198	121	121
S16-1272	239	241	196	200	227	231	177	177	213	219	255	277	122	134	190	190	190	194	119	121
S16-1273	239	241	200	200	231	231	177	177	227	227	245	255	134	144	190	194	182	194	121	121
S16-1275	239	241	196	200	227	231	177	177	213	219	255	277	122	134	190	190	190	194	119	121
S16-1277	239	241	198	200	227	231	175	177	219	223	255	277	134	134	190	190	164	194	121	121
S16-1278	239	241	196	200	227	233	177	177	227	227	261	273	126	138	182	190	190	194	141	141
S16-1279	241	241	196	196	231	231	175	179	213	223	261	269	126	134	182	190	182	190	121	121
S16-1281	239	241	198	200	227	231	175	177	219	223	255	277	134	134	190	190	164	194	121	121
S16-1282	239	239	200	200	227	231	161	177	239	239	255	277	134	134	190	190	164	194	121	121
S16-1283	239	239	200	200	-99	-99	161	177	239	239	255	255	134	134	190	190	164	194	121	121
S16-1285	239	241	198	200	227	231	175	177	219	223	255	277	134	134	190	190	164	194	121	121
S16-1286	239	241	196	200	227	231	177	177	237	239	255	267	134	134	190	190	164	194	121	121
S16-1287	239	241	200	200	231	231	177	177	227	227	245	255	134	144	190	194	182	194	121	121
S16-1288	239	241	196	200	227	233	177	177	227	227	261	273	126	138	182	190	190	194	141	141
