	ADCYC	X.1	BM6506	X.2	CELB9	X.3	CERVID1	X.4	ETH152	X.5	SBTD04	X.6	SBTD05	X.7	SBTD06	X.8	SBTD07	X.9	SRY	X.10	TGLA94	X.11
S15-2014	-99	-99	-99	-99	-99	-99	-99	-99	-99	-99	-99	-99	-99	-99	-99	-99	-99	-99	-99	-99	-99	-99
S15-2015	-99	-99	-99	-99	-99	-99	-99	-99	-99	-99	-99	-99	-99	-99	-99	-99	-99	-99	-99	-99	-99	-99
S15-2016	-99	-99	-99	-99	-99	-99	-99	-99	-99	-99	-99	-99	-99	-99	-99	-99	-99	-99	-99	-99	-99	-99
S15-2017	-99	-99	-99	-99	-99	-99	-99	-99	-99	-99	-99	-99	-99	-99	-99	-99	-99	-99	-99	-99	-99	-99
S15-2261	239	239	198	198	233	235	179	181	219	219	244	274	121	135	190	190	170	182	-99	-99	121	121
S15-2262	239	239	194	198	231	231	175	177	225	227	270	274	125	131	190	190	186	186	180	180	121	129
S15-2263	239	239	198	198	-99	-99	179	181	219	219	244	274	121	135	190	190	170	182	-99	-99	121	121
S15-2264	-99	-99	-99	-99	-99	-99	-99	-99	-99	-99	-99	-99	-99	-99	-99	-99	-99	-99	-99	-99	-99	-99
S15-2265	-99	-99	-99	-99	-99	-99	-99	-99	-99	-99	-99	-99	-99	-99	-99	-99	-99	-99	-99	-99	-99	-99
S15-2266	239	239	194	198	231	231	175	177	225	227	270	274	125	131	190	190	186	186	180	180	121	129
S15-2267	239	239	196	200	235	235	175	177	225	231	274	276	131	131	190	190	186	198	180	180	121	143
S15-2268	-99	-99	-99	-99	-99	-99	169	169	-99	-99	-99	-99	-99	-99	190	190	-99	-99	-99	-99	-99	-99
S15-2269	239	239	198	198	233	235	179	181	219	219	244	274	121	135	190	190	170	182	-99	-99	121	121
S15-2270	239	239	194	196	227	227	-99	-99	217	221	270	284	135	135	182	190	186	190	180	180	121	143
S15-2271	-99	-99	200	200	-99	-99	175	175	213	213	-99	-99	135	135	190	190	170	170	-99	-99	117	143
S15-2272	239	239	196	198	237	239	181	181	217	227	262	276	121	135	194	206	164	178	-99	-99	121	143
S15-2273	-99	-99	-99	-99	-99	-99	-99	-99	-99	-99	-99	-99	-99	-99	-99	-99	-99	-99	-99	-99	-99	-99
S15-2274	-99	-99	-99	-99	-99	-99	169	169	-99	-99	-99	-99	-99	-99	-99	-99	-99	-99	-99	-99	121	121
S15-2275	-99	-99	-99	-99	-99	-99	169	169	-99	-99	-99	-99	-99	-99	190	190	-99	-99	-99	-99	121	121
S15-2276	-99	-99	-99	-99	-99	-99	169	169	-99	-99	-99	-99	-99	-99	-99	-99	-99	-99	-99	-99	-99	-99
S15-2277	239	239	-99	-99	-99	-99	169	169	-99	-99	-99	-99	135	135	-99	-99	-99	-99	-99	-99	-99	-99
S15-2278	-99	-99	194	196	233	233	175	181	213	235	274	274	111	135	182	190	182	186	180	180	121	143
S15-2279	235	239	-99	-99	-99	-99	169	169	-99	-99	-99	-99	-99	-99	-99	-99	-99	-99	-99	-99	117	117
S15-2280	-99	-99	198	198	-99	-99	169	169	-99	-99	-99	-99	-99	-99	-99	-99	-99	-99	-99	-99	-99	-99
S15-2281	-99	-99	-99	-99	-99	-99	-99	-99	-99	-99	-99	-99	-99	-99	-99	-99	-99	-99	-99	-99	-99	-99
S15-2282	-99	-99	-99	-99	-99	-99	169	169	-99	-99	-99	-99	-99	-99	-99	-99	-99	-99	-99	-99	-99	-99
S15-2283	-99	-99	-99	-99	-99	-99	169	169	-99	-99	-99	-99	-99	-99	-99	-99	-99	-99	-99	-99	-99	-99
S15-2284	239	239	198	198	227	227	-99	-99	223	223	-99	-99	135	135	194	194	182	182	180	180	117	121
S15-2285	239	241	-99	-99	-99	-99	169	169	221	221	-99	-99	-99	-99	-99	-99	-99	-99	-99	-99	121	121
S15-2286	239	241	-99	-99	-99	-99	169	169	-99	-99	-99	-99	119	119	190	192	186	186	-99	-99	-99	-99
S15-2287	243	243	-99	-99	-99	-99	169	169	-99	-99	-99	-99	-99	-99	-99	-99	-99	-99	-99	-99	-99	-99
S15-2288	-99	-99	-99	-99	-99	-99	-99	-99	-99	-99	-99	-99	-99	-99	-99	-99	-99	-99	-99	-99	-99	-99
S15-2289	239	239	196	196	227	227	181	181	221	227	274	284	129	135	190	190	162	190	180	180	117	121
S15-2290	239	241	196	200	233	233	179	181	225	231	244	284	125	135	190	194	182	186	180	180	121	121
S15-2291	239	239	194	196	227	227	173	181	217	221	270	284	135	135	182	190	186	190	180	180	121	143
S15-2292	-99	-99	194	196	227	227	173	181	217	221	270	284	135	135	182	190	186	190	180	180	121	143
S15-2293	-99	-99	-99	-99	-99	-99	169	169	-99	-99	-99	-99	-99	-99	-99	-99	186	186	-99	-99	121	121
S15-2294	-99	-99	200	200	-99	-99	169	169	-99	-99	-99	-99	-99	-99	188	188	186	186	-99	-99	-99	-99
S15-2295	239	239	194	196	227	227	177	181	225	231	254	268	135	135	190	194	164	194	180	180	121	143
S15-2296	-99	-99	-99	-99	-99	-99	-99	-99	-99	-99	-99	-99	-99	-99	-99	-99	-99	-99	-99	-99	-99	-99
S15-2297	-99	-99	-99	-99	-99	-99	-99	-99	-99	-99	-99	-99	129	129	-99	-99	-99	-99	-99	-99	121	121
S15-2298	239	239	196	196	227	227	-99	-99	221	227	274	284	129	135	190	206	162	190	180	180	117	121
S15-2299	-99	-99	-99	-99	-99	-99	169	169	-99	-99	-99	-99	-99	-99	-99	-99	186	186	-99	-99	-99	-99
S15-2300	-99	-99	194	200	227	227	169	183	221	221	236	290	135	135	190	190	186	198	180	180	121	143
S15-2301	239	241	194	200	241	241	173	177	217	231	280	284	125	131	198	198	190	190	180	180	121	121
S15-2302	239	239	200	200	231	237	175	175	227	231	254	270	131	135	182	194	186	190	-99	-99	121	143
S15-2303	-99	-99	-99	-99	-99	-99	-99	-99	-99	-99	-99	-99	131	131	-99	-99	-99	-99	180	180	121	121
S15-2304	241	241	194	200	-99	-99	173	177	213	231	264	264	131	135	190	190	182	186	180	180	121	129
S15-2305	-99	-99	196	196	-99	-99	177	177	-99	-99	-99	-99	125	135	190	190	-99	-99	-99	-99	129	143
S15-2306	-99	-99	194	200	239	241	173	177	213	231	232	264	135	135	194	198	186	190	-99	-99	121	143
S15-2307	239	239	182	182	-99	-99	169	169	-99	-99	-99	-99	-99	-99	-99	-99	186	186	-99	-99	-99	-99
S15-2308	-99	-99	-99	-99	-99	-99	169	169	-99	-99	-99	-99	-99	-99	-99	-99	-99	-99	-99	-99	-99	-99
S15-2309	-99	-99	200	200	-99	-99	169	177	219	221	258	268	125	135	182	190	190	198	180	180	129	143
S15-2310	-99	-99	-99	-99	-99	-99	169	169	-99	-99	-99	-99	-99	-99	-99	-99	-99	-99	-99	-99	-99	-99
S15-2311	-99	-99	-99	-99	-99	-99	169	169	-99	-99	-99	-99	-99	-99	-99	-99	-99	-99	-99	-99	-99	-99
S15-2312	-99	-99	194	200	227	227	175	175	215	217	274	276	121	125	182	190	170	186	180	180	121	121
S15-2313	239	241	196	200	227	227	179	179	213	221	268	280	125	125	182	190	178	194	180	180	117	121
S15-2314	241	241	198	200	227	227	183	183	223	227	260	270	135	139	190	194	194	202	180	180	121	121
S15-2315	239	241	-99	-99	-99	-99	169	173	213	231	-99	-99	135	135	194	198	190	190	-99	-99	121	143
S15-2316	241	241	194	194	229	241	173	177	213	217	280	284	129	135	190	190	190	194	-99	-99	121	121
S15-2317	241	241	194	194	227	241	173	175	213	217	284	284	131	135	190	198	186	190	-99	-99	121	121
S15-2318	-99	-99	-99	-99	-99	-99	169	169	-99	-99	-99	-99	135	135	-99	-99	-99	-99	-99	-99	121	121
S15-2319	241	241	194	204	227	241	173	175	213	217	284	284	131	135	190	198	186	190	-99	-99	121	121
S15-2320	239	239	196	196	227	233	175	175	213	219	270	280	135	139	190	194	186	190	-99	-99	121	143
S15-2321	241	241	198	200	227	227	183	183	223	227	260	270	135	139	190	194	194	202	180	180	121	121
S15-2322	-99	-99	-99	-99	-99	-99	169	169	-99	-99	-99	-99	-99	-99	190	192	-99	-99	-99	-99	121	121
S15-2323	241	241	194	198	227	227	177	183	213	223	270	284	135	139	190	190	182	202	180	180	121	129
S15-2324	239	239	200	202	231	233	161	161	213	217	254	276	125	139	190	194	160	182	-99	-99	117	143
S15-2325	-99	-99	-99	-99	-99	-99	169	169	-99	-99	-99	-99	-99	-99	-99	-99	-99	-99	-99	-99	-99	-99
S15-2326	241	241	194	194	227	241	173	175	213	217	264	284	131	135	190	198	186	190	-99	-99	121	121
S15-2327	241	241	198	200	227	227	169	183	223	227	-99	-99	135	139	190	194	194	202	180	180	121	121
S15-2328	241	241	198	200	227	227	183	183	223	227	-99	-99	135	139	190	194	194	202	180	180	121	121
S15-2329	-99	-99	194	198	227	227	177	183	213	223	-99	-99	135	139	190	190	182	182	178	180	121	129
S15-2330	-99	-99	198	198	227	233	183	183	219	227	270	276	125	135	190	194	194	202	-99	-99	121	121
S15-2331	239	241	194	200	239	241	173	177	213	231	232	264	111	135	194	198	186	190	-99	-99	121	143
S15-2332	241	241	198	200	227	227	169	183	223	227	260	270	135	139	190	194	194	202	180	180	121	121
S15-2333	-99	-99	196	198	-99	-99	169	169	-99	-99	-99	-99	-99	-99	-99	-99	178	178	-99	-99	121	121
S15-2334	241	241	198	200	227	227	181	183	223	227	260	270	135	139	190	194	194	202	180	180	121	121
S15-2335	241	241	198	198	227	227	177	177	-99	-99	-99	-99	125	139	190	190	-99	-99	-99	-99	121	121
S15-2336	239	239	198	198	227	227	177	177	217	227	-99	-99	125	139	190	194	178	202	180	180	121	121
S15-2337	-99	-99	196	198	233	233	177	177	219	227	-99	-99	125	131	190	194	178	202	-99	-99	121	121
S15-2338	241	241	194	200	227	227	175	175	215	217	274	276	121	125	182	190	170	186	178	180	121	121
S15-2339	-99	-99	-99	-99	-99	-99	169	169	-99	-99	-99	-99	-99	-99	-99	-99	-99	-99	-99	-99	-99	-99
S15-2340	-99	-99	-99	-99	-99	-99	169	169	-99	-99	244	244	-99	-99	-99	-99	-99	-99	-99	-99	143	143
S15-2341	241	241	194	198	227	227	177	183	213	223	270	284	135	139	190	190	182	202	180	180	121	129
S15-2342	241	241	194	198	227	227	177	183	213	223	270	284	135	139	190	190	182	202	180	180	121	129
S15-2343	241	241	194	198	227	227	177	183	213	223	270	284	135	139	190	190	182	202	180	180	121	129
S15-2344	241	241	198	200	227	227	183	183	223	227	260	270	135	139	190	194	194	202	180	180	121	121
S15-2345	-99	-99	198	200	227	227	177	183	223	227	270	290	125	139	190	190	202	202	-99	-99	121	121
S15-2346	-99	-99	194	198	227	227	-99	-99	213	223	270	270	135	139	190	190	182	182	180	180	121	129
S15-2347	-99	-99	-99	-99	-99	-99	169	169	-99	-99	-99	-99	131	131	-99	-99	-99	-99	-99	-99	121	121
S15-2348	239	241	194	194	227	241	173	175	213	217	264	284	131	135	190	198	186	186	-99	-99	121	121
S15-2349	-99	-99	-99	-99	-99	-99	169	169	-99	-99	-99	-99	-99	-99	-99	-99	-99	-99	-99	-99	-99	-99
S15-2350	-99	-99	-99	-99	-99	-99	169	169	-99	-99	-99	-99	-99	-99	198	198	-99	-99	180	180	121	121
S15-2351	239	241	194	200	241	241	173	177	217	231	280	284	125	131	198	198	190	190	180	180	121	121
S15-2352	241	241	194	194	227	241	173	175	213	217	264	284	131	135	190	198	-99	-99	180	180	121	121
S15-2353	241	241	194	194	-99	-99	169	175	-99	-99	260	284	111	131	-99	-99	174	190	180	180	121	143
S15-2354	239	239	196	196	227	233	175	175	213	219	270	270	135	139	190	194	186	190	-99	-99	121	143
S15-2355	239	241	194	200	241	241	173	177	217	231	280	284	125	131	198	198	190	190	180	180	121	121
S15-2356	241	241	194	198	227	227	177	183	213	223	270	284	135	139	190	190	182	202	180	180	121	129
S15-2357	-99	-99	-99	-99	220	220	-99	-99	-99	-99	-99	-99	125	125	-99	-99	-99	-99	-99	-99	121	121
S15-2358	241	241	198	200	227	231	169	181	219	223	270	270	125	139	194	198	178	190	-99	-99	121	121
S15-2359	-99	-99	-99	-99	-99	-99	169	169	-99	-99	-99	-99	-99	-99	188	188	182	182	-99	-99	121	121
S15-2360	-99	-99	-99	-99	-99	-99	169	169	-99	-99	-99	-99	-99	-99	-99	-99	-99	-99	-99	-99	-99	-99
S15-2361	-99	-99	-99	-99	-99	-99	169	169	-99	-99	-99	-99	-99	-99	-99	-99	-99	-99	-99	-99	-99	-99
S15-2362	-99	-99	-99	-99	-99	-99	169	169	-99	-99	-99	-99	-99	-99	-99	-99	-99	-99	-99	-99	117	117
S15-2363	239	241	196	200	227	227	173	175	225	227	244	266	125	129	190	194	194	194	180	180	117	121
S15-2364	-99	-99	198	200	231	233	161	161	219	221	260	260	135	139	190	190	182	190	-99	-99	121	121
S15-2365	-99	-99	-99	-99	-99	-99	169	169	-99	-99	-99	-99	-99	-99	-99	-99	-99	-99	-99	-99	-99	-99
S15-2366	-99	-99	-99	-99	-99	-99	169	169	-99	-99	-99	-99	-99	-99	-99	-99	-99	-99	-99	-99	-99	-99
S15-2367	239	241	194	196	231	231	169	177	219	225	262	264	129	129	190	198	190	194	180	180	143	143
S15-2368	-99	-99	-99	-99	-99	-99	169	169	-99	-99	-99	-99	-99	-99	-99	-99	-99	-99	-99	-99	143	143
S15-2369	-99	-99	-99	-99	-99	-99	169	169	-99	-99	-99	-99	-99	-99	-99	-99	-99	-99	-99	-99	-99	-99
S15-2370	-99	-99	-99	-99	-99	-99	169	169	-99	-99	-99	-99	-99	-99	-99	-99	-99	-99	-99	-99	-99	-99
S15-2371	-99	-99	194	194	-99	-99	169	169	-99	-99	-99	-99	129	129	-99	-99	-99	-99	-99	-99	143	143
S15-2372	-99	-99	-99	-99	-99	-99	169	169	-99	-99	-99	-99	-99	-99	-99	-99	-99	-99	-99	-99	-99	-99
S15-2373	-99	-99	-99	-99	-99	-99	169	169	-99	-99	-99	-99	-99	-99	-99	-99	186	186	-99	-99	-99	-99
S15-2374	-99	-99	-99	-99	-99	-99	169	169	-99	-99	-99	-99	129	129	-99	-99	-99	-99	-99	-99	121	143
S15-2375	-99	-99	-99	-99	-99	-99	169	169	-99	-99	-99	-99	135	135	-99	-99	-99	-99	-99	-99	-99	-99
S15-2376	-99	-99	-99	-99	-99	-99	169	169	-99	-99	-99	-99	-99	-99	-99	-99	-99	-99	-99	-99	-99	-99
S15-2377	239	239	196	200	227	227	169	175	225	229	270	276	129	131	190	190	186	190	180	180	121	143
S15-2378	-99	-99	-99	-99	-99	-99	169	169	-99	-99	-99	-99	125	125	-99	-99	-99	-99	-99	-99	121	121
S15-2379	-99	-99	-99	-99	-99	-99	169	169	-99	-99	-99	-99	-99	-99	-99	-99	-99	-99	-99	-99	-99	-99
S15-2380	-99	-99	-99	-99	-99	-99	169	169	-99	-99	-99	-99	-99	-99	-99	-99	-99	-99	-99	-99	-99	-99
S15-2381	-99	-99	196	198	231	231	161	161	225	231	254	280	121	125	190	194	178	186	-99	-99	121	129
S15-2382	239	241	196	198	231	231	161	161	225	231	254	280	121	125	190	194	178	186	-99	-99	121	129
S15-2383	239	241	196	198	231	231	161	161	225	231	254	280	121	125	190	194	178	186	-99	-99	121	129
S15-2384	-99	-99	-99	-99	-99	-99	169	169	-99	-99	-99	-99	139	139	198	198	-99	-99	-99	-99	121	129
S15-2385	239	241	194	200	227	231	175	175	213	225	274	276	111	125	190	194	190	190	-99	-99	121	121
S15-2386	239	239	198	200	231	233	-99	-99	219	231	270	276	135	135	190	194	182	182	-99	-99	117	121
S15-2387	239	239	198	200	231	233	181	183	219	231	270	276	135	135	190	194	182	182	-99	-99	117	121
S15-2388	239	241	196	198	231	231	-99	-99	223	231	254	280	121	125	194	198	186	190	-99	-99	121	129
S15-2389	-99	-99	-99	-99	-99	-99	169	169	-99	-99	-99	-99	-99	-99	-99	-99	186	186	-99	-99	124	124
S15-2390	-99	-99	-99	-99	-99	-99	169	169	-99	-99	-99	-99	-99	-99	-99	-99	-99	-99	-99	-99	-99	-99
S15-2391	-99	-99	-99	-99	-99	-99	169	169	-99	-99	-99	-99	-99	-99	-99	-99	-99	-99	-99	-99	-99	-99
S15-2392	-99	-99	-99	-99	-99	-99	169	169	-99	-99	-99	-99	-99	-99	-99	-99	-99	-99	-99	-99	-99	-99
S15-2393	-99	-99	-99	-99	-99	-99	169	169	-99	-99	-99	-99	-99	-99	-99	-99	-99	-99	-99	-99	-99	-99
S15-2394	-99	-99	-99	-99	-99	-99	169	169	-99	-99	-99	-99	-99	-99	-99	-99	186	186	-99	-99	-99	-99
S15-2395	-99	-99	-99	-99	-99	-99	169	169	-99	-99	-99	-99	-99	-99	-99	-99	-99	-99	-99	-99	-99	-99
S15-2396	-99	-99	-99	-99	-99	-99	169	169	-99	-99	-99	-99	139	139	194	198	-99	-99	-99	-99	121	121
S15-2397	-99	-99	-99	-99	-99	-99	169	169	-99	-99	-99	-99	-99	-99	-99	-99	186	186	-99	-99	-99	-99
S15-2398	239	239	194	198	-99	-99	-99	-99	225	225	-99	-99	129	135	190	190	178	186	180	180	117	121
S15-2399	-99	-99	-99	-99	-99	-99	169	169	-99	-99	-99	-99	-99	-99	182	182	-99	-99	-99	-99	-99	-99
S15-2400	-99	-99	-99	-99	-99	-99	169	183	-99	-99	-99	-99	125	125	-99	-99	-99	-99	-99	-99	-99	-99
S15-2401	-99	-99	-99	-99	-99	-99	169	169	-99	-99	-99	-99	-99	-99	-99	-99	-99	-99	-99	-99	-99	-99
S15-2402	-99	-99	-99	-99	-99	-99	169	169	-99	-99	-99	-99	-99	-99	-99	-99	-99	-99	-99	-99	-99	-99
S15-2403	-99	-99	-99	-99	-99	-99	169	169	-99	-99	-99	-99	-99	-99	-99	-99	-99	-99	-99	-99	-99	-99
S15-2404	-99	-99	196	200	233	233	173	177	225	227	248	248	129	135	190	194	164	190	180	180	121	121
S15-2405	-99	-99	-99	-99	-99	-99	169	169	-99	-99	-99	-99	125	125	-99	-99	-99	-99	-99	-99	-99	-99
S15-2406	-99	-99	-99	-99	-99	-99	169	169	-99	-99	-99	-99	-99	-99	-99	-99	-99	-99	-99	-99	-99	-99
S15-2407	-99	-99	-99	-99	-99	-99	169	169	-99	-99	-99	-99	-99	-99	-99	-99	-99	-99	-99	-99	-99	-99
S15-2408	-99	-99	-99	-99	-99	-99	169	169	-99	-99	-99	-99	-99	-99	-99	-99	-99	-99	-99	-99	-99	-99
S15-2409	239	239	196	200	233	233	-99	-99	225	227	248	254	129	135	190	194	164	190	180	180	121	121
S15-2410	-99	-99	-99	-99	-99	-99	169	169	-99	-99	-99	-99	-99	-99	-99	-99	-99	-99	-99	-99	-99	-99
S15-2411	-99	-99	-99	-99	-99	-99	169	169	-99	-99	-99	-99	-99	-99	-99	-99	-99	-99	-99	-99	-99	-99
S15-2412	239	239	196	200	235	235	181	183	225	225	270	276	121	125	190	194	178	186	180	180	121	121
S15-2413	-99	-99	196	200	-99	-99	173	175	223	223	-99	-99	121	139	182	194	-99	-99	180	180	121	143
S15-2414	-99	-99	-99	-99	-99	-99	-99	-99	-99	-99	-99	-99	129	129	190	194	-99	-99	180	180	121	143
S15-2415	-99	-99	-99	-99	-99	-99	169	169	-99	-99	-99	-99	-99	-99	-99	-99	-99	-99	-99	-99	-99	-99
S15-2416	-99	-99	-99	-99	-99	-99	169	169	-99	-99	-99	-99	-99	-99	-99	-99	-99	-99	-99	-99	-99	-99
S15-2417	-99	-99	-99	-99	-99	-99	169	169	-99	-99	-99	-99	-99	-99	190	190	-99	-99	-99	-99	-99	-99
S15-2418	241	241	196	198	-99	-99	-99	-99	225	227	260	260	135	135	190	190	190	194	178	180	121	121
S15-2419	-99	-99	186	186	-99	-99	169	169	-99	-99	-99	-99	-99	-99	188	194	-99	-99	-99	-99	126	126
S15-2420	-99	-99	-99	-99	-99	-99	169	169	-99	-99	-99	-99	-99	-99	-99	-99	-99	-99	-99	-99	121	121
S15-2421	-99	-99	-99	-99	-99	-99	169	169	-99	-99	-99	-99	-99	-99	-99	-99	-99	-99	-99	-99	-99	-99
S15-2422	241	241	196	198	231	237	169	169	217	221	270	270	121	125	198	198	170	202	-99	-99	117	143
S15-2423	241	241	198	204	227	231	169	177	221	225	264	270	125	125	190	198	-99	-99	-99	-99	143	143
S15-2424	-99	-99	-99	-99	-99	-99	169	169	-99	-99	-99	-99	-99	-99	-99	-99	-99	-99	-99	-99	-99	-99
S15-2425	-99	-99	-99	-99	-99	-99	169	169	-99	-99	-99	-99	129	129	-99	-99	-99	-99	-99	-99	-99	-99
S15-2426	241	241	198	200	-99	-99	169	169	215	219	252	266	129	135	182	194	182	182	-99	-99	121	143
S15-2427	-99	-99	198	198	-99	-99	169	169	-99	-99	-99	-99	-99	-99	-99	-99	-99	-99	-99	-99	129	129
S15-2428	239	241	194	196	227	227	167	173	223	227	266	270	139	139	182	190	182	182	180	180	121	121
S15-2429	-99	-99	-99	-99	-99	-99	169	169	-99	-99	-99	-99	135	139	180	190	-99	-99	178	178	121	129
S15-2430	-99	-99	-99	-99	-99	-99	169	169	-99	-99	-99	-99	135	135	-99	-99	-99	-99	-99	-99	-99	-99
S15-2431	239	241	196	200	227	233	169	181	219	223	252	266	129	135	182	194	182	182	-99	-99	121	143
S15-2432	241	241	-99	-99	227	233	-99	-99	219	223	252	266	129	135	182	194	182	182	-99	-99	121	143
S15-2433	239	241	196	200	227	233	-99	-99	219	223	252	266	129	135	182	194	182	182	-99	-99	121	143
S15-2434	-99	-99	-99	-99	-99	-99	169	169	-99	-99	-99	-99	129	143	186	194	-99	-99	-99	-99	-99	-99
S15-2435	239	241	194	196	227	227	167	173	223	227	266	270	135	139	182	190	182	182	180	180	121	121
S15-2436	-99	-99	-99	-99	-99	-99	169	169	-99	-99	-99	-99	-99	-99	-99	-99	-99	-99	-99	-99	-99	-99
S15-2437	-99	-99	-99	-99	-99	-99	169	169	-99	-99	-99	-99	-99	-99	-99	-99	-99	-99	-99	-99	-99	-99
S15-2438	-99	-99	-99	-99	-99	-99	169	169	-99	-99	-99	-99	-99	-99	-99	-99	-99	-99	-99	-99	-99	-99
S15-2439	-99	-99	-99	-99	-99	-99	169	169	-99	-99	-99	-99	-99	-99	-99	-99	-99	-99	-99	-99	-99	-99
S15-2440	-99	-99	-99	-99	-99	-99	169	169	-99	-99	-99	-99	-99	-99	-99	-99	-99	-99	-99	-99	-99	-99
S15-2441	-99	-99	-99	-99	-99	-99	169	169	-99	-99	-99	-99	-99	-99	-99	-99	-99	-99	-99	-99	-99	-99
S15-2442	-99	-99	-99	-99	-99	-99	169	169	-99	-99	-99	-99	-99	-99	-99	-99	-99	-99	-99	-99	-99	-99
S15-2443	-99	-99	-99	-99	-99	-99	169	169	-99	-99	-99	-99	-99	-99	-99	-99	-99	-99	-99	-99	-99	-99
S15-2444	-99	-99	-99	-99	-99	-99	169	169	-99	-99	-99	-99	135	135	186	186	-99	-99	-99	-99	-99	-99
S15-2445	-99	-99	-99	-99	-99	-99	169	169	-99	-99	-99	-99	-99	-99	188	188	-99	-99	-99	-99	-99	-99
S15-2446	-99	-99	-99	-99	-99	-99	169	169	-99	-99	-99	-99	-99	-99	-99	-99	186	186	-99	-99	-99	-99
S15-2447	-99	-99	-99	-99	-99	-99	169	169	-99	-99	-99	-99	-99	-99	-99	-99	-99	-99	-99	-99	-99	-99
S15-2448	239	241	196	196	-99	-99	169	169	-99	-99	-99	-99	139	139	-99	-99	-99	-99	-99	-99	121	121
S15-2449	-99	-99	-99	-99	-99	-99	169	169	-99	-99	-99	-99	-99	-99	-99	-99	-99	-99	-99	-99	-99	-99
S15-2450	-99	-99	-99	-99	-99	-99	169	169	-99	-99	-99	-99	-99	-99	-99	-99	-99	-99	-99	-99	-99	-99
S15-2457	-99	-99	-99	-99	-99	-99	-99	-99	-99	-99	-99	-99	-99	-99	190	190	-99	-99	-99	-99	117	117
S15-2459	-99	-99	-99	-99	-99	-99	-99	-99	-99	-99	-99	-99	-99	-99	-99	-99	-99	-99	-99	-99	-99	-99
S15-2462	239	241	196	196	227	227	161	177	223	231	274	274	129	135	182	190	174	190	-99	-99	121	143
S15-2463	-99	-99	-99	-99	-99	-99	-99	-99	-99	-99	-99	-99	-99	-99	-99	-99	-99	-99	-99	-99	-99	-99
S15-2464	-99	-99	-99	-99	-99	-99	-99	-99	-99	-99	-99	-99	-99	-99	-99	-99	-99	-99	-99	-99	-99	-99
S15-2471	-99	-99	-99	-99	-99	-99	-99	-99	-99	-99	-99	-99	111	111	-99	-99	-99	-99	-99	-99	-99	-99
S15-2475	-99	-99	-99	-99	-99	-99	-99	-99	-99	-99	-99	-99	-99	-99	-99	-99	-99	-99	-99	-99	-99	-99
S15-2476	-99	-99	-99	-99	-99	-99	-99	-99	-99	-99	-99	-99	-99	-99	-99	-99	-99	-99	-99	-99	-99	-99
S15-2477	-99	-99	-99	-99	-99	-99	-99	-99	-99	-99	-99	-99	-99	-99	-99	-99	-99	-99	-99	-99	-99	-99
S15-2478	-99	-99	-99	-99	-99	-99	-99	-99	-99	-99	-99	-99	135	135	-99	-99	-99	-99	-99	-99	121	121
S15-2479	-99	-99	-99	-99	-99	-99	-99	-99	-99	-99	-99	-99	-99	-99	-99	-99	-99	-99	-99	-99	-99	-99
S15-2481	-99	-99	-99	-99	-99	-99	-99	-99	-99	-99	-99	-99	-99	-99	-99	-99	-99	-99	-99	-99	-99	-99
S15-2482	-99	-99	-99	-99	-99	-99	-99	-99	-99	-99	-99	-99	-99	-99	-99	-99	-99	-99	-99	-99	-99	-99
S15-2483	239	239	194	196	227	231	177	177	225	225	236	236	125	135	190	198	186	190	-99	-99	121	143
S15-2485	239	239	-99	-99	227	233	161	169	-99	-99	276	284	-99	-99	-99	-99	182	186	180	180	-99	-99
S15-2486	239	241	196	196	227	241	177	181	223	223	274	276	135	135	182	190	174	178	-99	-99	121	121
S15-2487	-99	-99	-99	-99	-99	-99	-99	-99	-99	-99	-99	-99	121	121	-99	-99	-99	-99	-99	-99	-99	-99
S15-2492	-99	-99	-99	-99	-99	-99	-99	-99	-99	-99	-99	-99	-99	-99	-99	-99	-99	-99	-99	-99	-99	-99
S15-2495	-99	-99	200	200	-99	-99	169	169	-99	-99	-99	-99	-99	-99	194	194	-99	-99	-99	-99	117	121
S15-2497	-99	-99	-99	-99	-99	-99	-99	-99	-99	-99	-99	-99	111	111	-99	-99	-99	-99	-99	-99	-99	-99
S15-2498	241	241	196	196	227	233	173	175	221	223	252	276	125	135	182	194	178	190	-99	-99	117	121
S15-2499	241	241	198	200	235	235	169	169	219	223	276	276	125	129	190	194	178	182	180	180	121	121
S15-2500	241	241	196	196	227	233	173	175	221	223	252	276	125	135	182	194	178	190	-99	-99	117	121
S15-2501	239	241	196	196	227	227	161	177	223	231	274	274	129	135	182	190	174	190	-99	-99	121	143
S15-2502	239	239	194	196	227	231	177	177	225	227	236	270	125	135	190	198	186	190	-99	-99	121	143
S15-2503	239	239	196	196	227	231	159	173	227	231	252	252	121	139	190	190	178	182	-99	-99	117	121
S15-2504	241	241	196	196	227	231	173	173	213	219	276	290	135	135	190	194	182	198	-99	-99	121	121
S15-2505	239	239	196	198	227	231	-99	-99	221	227	260	260	-99	-99	190	198	182	182	-99	-99	-99	-99
S15-2507	239	239	200	200	227	233	159	161	219	231	252	254	121	135	190	194	178	178	-99	-99	117	121
S15-2509	239	239	200	200	227	233	159	161	219	231	252	254	121	135	190	194	178	178	-99	-99	117	121
S15-2510	239	239	200	200	227	233	159	161	219	231	252	254	121	135	190	194	178	178	-99	-99	117	121
S15-2511	241	241	198	198	233	241	177	177	213	219	266	274	125	131	182	194	164	178	-99	-99	121	121
S15-2512	239	239	196	200	227	235	175	177	221	227	270	274	125	135	190	190	190	190	-99	-99	121	121
S15-2513	239	239	196	200	235	235	173	177	219	227	244	244	125	135	190	198	182	190	180	180	121	143
S15-2514	239	241	196	198	227	239	179	179	219	231	270	270	131	131	190	198	178	194	-99	-99	117	121
S15-2515	239	241	196	198	233	233	177	179	213	231	274	274	129	131	182	194	164	198	-99	-99	121	143
S15-2516	239	239	196	200	227	235	175	177	221	227	270	274	125	135	190	190	190	190	-99	-99	121	121
S15-2517	239	239	196	196	227	235	175	177	227	227	-99	-99	125	135	190	190	190	190	-99	-99	121	121
S15-2521	239	239	196	200	227	235	175	177	221	227	270	274	125	135	190	190	190	190	-99	-99	121	121
S15-2522	239	239	196	200	227	231	175	179	213	217	270	276	131	139	190	194	164	190	-99	-99	117	121
S15-2524	239	239	194	198	227	229	173	175	225	227	276	276	121	129	190	198	164	182	-99	-99	121	143
S15-2525	239	239	194	204	227	227	175	175	225	227	254	270	135	135	190	190	178	194	-99	-99	121	121
S15-2526	239	239	194	204	227	227	175	175	225	225	254	270	135	135	190	190	178	194	-99	-99	121	121
S15-2527	239	239	194	200	227	227	175	175	225	231	276	276	135	135	182	190	178	178	-99	-99	121	143
S15-2528	-99	-99	-99	-99	-99	-99	-99	-99	225	225	-99	-99	121	129	198	198	-99	-99	-99	-99	121	121
S15-2531	239	239	194	198	227	229	173	175	225	227	274	276	121	129	190	198	164	182	-99	-99	121	143
S15-2533	239	241	196	200	227	227	177	177	227	231	252	254	125	135	186	188	178	190	-99	-99	121	121
S15-2534	239	239	194	198	227	229	173	175	225	225	274	274	121	129	190	198	164	182	-99	-99	121	143
S15-2536	-99	-99	200	200	227	227	177	177	231	231	252	252	125	135	188	188	178	190	-99	-99	121	121
S15-2537	239	239	194	198	227	229	173	175	225	227	274	276	121	129	190	198	164	182	-99	-99	121	143
S15-2538	239	241	194	200	227	227	175	187	225	227	248	254	135	135	182	190	178	178	-99	-99	121	143
S15-2539	239	239	194	204	227	227	175	175	225	225	254	254	135	135	190	190	178	194	-99	-99	121	121
S15-2540	239	241	196	200	231	239	177	179	227	227	270	272	135	135	-99	-99	164	182	-99	-99	121	121
S15-2541	-99	-99	-99	-99	-99	-99	-99	-99	-99	-99	-99	-99	-99	-99	-99	-99	-99	-99	-99	-99	121	121
S15-2542	-99	-99	-99	-99	-99	-99	-99	-99	-99	-99	-99	-99	-99	-99	-99	-99	-99	-99	-99	-99	-99	-99
S15-2543	239	241	194	196	233	239	173	177	227	227	272	274	125	135	188	190	164	186	-99	-99	121	143
S15-2545	239	239	194	196	227	233	-99	-99	-99	-99	270	270	125	135	182	190	-99	-99	-99	-99	121	121
S15-2546	239	239	194	200	227	227	175	175	225	231	254	276	135	135	182	190	178	178	-99	-99	121	143
S15-2547	239	241	198	204	227	227	175	187	219	225	270	270	129	135	190	190	182	194	180	180	121	143
S15-2548	239	239	196	196	231	231	179	179	223	223	-99	-99	121	139	190	190	-99	-99	-99	-99	121	121
S15-2549	239	239	198	202	227	233	161	175	213	225	276	276	125	135	190	198	190	194	-99	-99	121	143
S15-2550	239	239	198	202	227	233	161	175	213	225	276	276	125	135	190	198	190	194	-99	-99	121	143
S15-2551	239	239	196	200	227	235	175	177	221	227	270	270	125	135	190	190	190	190	-99	-99	121	121
S15-2552	-99	-99	-99	-99	-99	-99	-99	-99	-99	-99	-99	-99	-99	-99	190	190	-99	-99	-99	-99	121	121
S15-2553	239	241	196	198	227	239	179	179	219	231	270	270	131	131	190	198	178	194	-99	-99	117	121
S15-2554	239	239	196	200	227	235	175	177	221	227	270	274	125	135	190	190	190	190	-99	-99	121	121
S15-2555	239	241	196	198	227	239	179	179	219	231	270	270	131	131	190	198	178	194	-99	-99	117	121
S15-2556	239	241	196	200	227	229	173	175	219	225	244	274	125	129	190	198	182	190	-99	-99	143	143
S15-2557	239	239	194	200	227	227	175	175	225	231	254	276	135	135	182	190	178	178	-99	-99	121	143
S15-2561	239	239	196	200	227	235	175	177	221	227	270	274	125	135	190	190	190	190	-99	-99	121	121
S15-2564	-99	-99	-99	-99	-99	-99	-99	-99	-99	-99	-99	-99	-99	-99	192	192	-99	-99	-99	-99	121	121
S15-2566	-99	-99	-99	-99	-99	-99	-99	-99	-99	-99	-99	-99	-99	-99	-99	-99	-99	-99	-99	-99	121	121
S15-2568	241	241	-99	-99	227	233	179	181	-99	-99	-99	-99	129	135	190	198	-99	-99	-99	-99	121	143
S15-2570	239	241	194	194	227	231	175	177	213	225	-99	-99	135	135	190	194	190	194	-99	-99	121	121
S15-2571	-99	-99	-99	-99	-99	-99	-99	-99	-99	-99	-99	-99	-99	-99	-99	-99	-99	-99	-99	-99	121	121
S15-2578	-99	-99	-99	-99	-99	-99	-99	-99	-99	-99	-99	-99	-99	-99	-99	-99	-99	-99	-99	-99	-99	-99
S15-2581	-99	-99	-99	-99	-99	-99	-99	-99	-99	-99	-99	-99	-99	-99	-99	-99	-99	-99	-99	-99	-99	-99
S15-2586	239	241	196	198	227	231	173	179	225	231	-99	-99	131	135	190	190	178	182	-99	-99	121	143
S15-2588	-99	-99	-99	-99	-99	-99	-99	-99	-99	-99	-99	-99	-99	-99	-99	-99	-99	-99	-99	-99	-99	-99
S15-2591	241	241	198	198	233	233	169	181	213	223	270	270	135	135	190	194	190	194	180	180	121	143
S15-2592	239	241	196	198	233	233	177	179	213	231	258	274	129	131	182	194	164	164	-99	-99	121	143
S15-2595	239	241	196	200	233	239	175	177	219	231	260	260	131	135	190	194	164	178	-99	-99	121	143
S15-2600	241	241	196	198	233	233	177	177	231	231	260	260	129	129	182	194	164	164	-99	-99	121	143
S15-2601	239	241	198	198	233	233	169	181	213	223	274	274	135	135	190	194	190	194	180	180	121	143
S15-2602	-99	-99	196	196	-99	-99	-99	-99	-99	-99	-99	-99	129	135	182	190	-99	-99	-99	-99	117	121
S15-2603	239	241	194	200	227	227	175	177	219	223	280	280	135	135	190	190	182	190	180	180	117	143
S15-2604	239	239	196	200	227	235	175	177	221	227	270	274	125	135	190	190	190	190	-99	-99	121	121
S15-2605	239	239	196	200	227	235	175	177	221	221	270	274	125	135	190	190	190	190	-99	-99	121	121
S15-2606	239	239	200	200	-99	-99	179	179	219	227	-99	-99	-99	-99	190	194	-99	-99	180	180	-99	-99
S15-2607	239	239	196	196	-99	-99	-99	-99	219	227	-99	-99	121	135	-99	-99	-99	-99	180	180	121	143
S15-2608	239	239	200	200	235	235	177	177	227	227	-99	-99	125	135	190	190	-99	-99	-99	-99	121	129
S15-2609	239	241	194	200	227	227	175	177	219	223	274	280	135	135	190	190	182	190	180	180	117	143
S15-2610	239	241	-99	-99	227	239	175	175	-99	-99	254	274	125	135	190	190	190	190	180	180	117	121
S15-2611	239	239	200	204	227	227	177	177	217	225	254	270	135	143	182	190	178	182	180	180	121	129
S15-2613	-99	-99	-99	-99	-99	-99	-99	-99	-99	-99	-99	-99	-99	-99	-99	-99	-99	-99	-99	-99	-99	-99
S15-2614	-99	-99	-99	-99	-99	-99	-99	-99	-99	-99	-99	-99	-99	-99	-99	-99	-99	-99	-99	-99	-99	-99
S15-2619	239	241	196	200	227	233	181	181	219	223	252	266	129	135	182	194	182	182	-99	-99	121	143
S15-2620	239	241	196	196	227	227	161	177	-99	-99	-99	-99	129	135	-99	-99	-99	-99	-99	-99	121	143
S15-2621	239	239	196	200	227	227	177	181	213	227	262	262	125	129	190	194	190	194	180	180	121	143
S15-2623	239	239	196	198	227	227	173	181	223	223	244	254	121	125	190	194	178	190	180	180	121	143
S15-2628	239	239	194	198	227	227	177	181	227	227	252	274	125	135	182	190	182	186	180	180	117	121
S15-2637	239	239	194	198	227	227	177	181	227	227	252	274	125	135	182	190	182	186	180	180	117	121
S15-2638	239	239	194	198	227	227	177	181	227	227	252	274	125	135	182	190	182	186	180	180	117	121
S15-2649	239	241	198	198	227	235	173	177	223	231	254	266	121	125	190	194	178	194	-99	-99	121	143
S15-2656	-99	-99	-99	-99	-99	-99	-99	-99	-99	-99	-99	-99	135	135	-99	-99	-99	-99	-99	-99	121	121
S15-2658	239	241	196	198	227	227	-99	-99	219	231	274	274	135	135	190	194	182	194	180	180	117	121
S15-2661	239	241	194	196	235	235	161	169	227	231	264	270	129	129	190	194	182	186	178	178	121	121
S15-2662	239	241	196	196	235	235	161	177	227	231	270	270	125	135	190	194	182	186	180	180	121	143
S15-2663	241	241	196	198	227	227	185	187	-99	-99	-99	-99	135	135	190	194	182	194	180	180	117	121
S15-2664	239	239	194	198	233	233	169	169	219	229	276	276	125	135	190	190	186	186	180	180	143	143
S15-2665	-99	-99	-99	-99	-99	-99	-99	-99	-99	-99	-99	-99	-99	-99	-99	-99	-99	-99	-99	-99	-99	-99
S15-2667	239	241	196	198	227	227	-99	-99	219	231	274	274	135	135	190	194	182	194	180	180	117	121
S15-2669	239	239	198	198	231	233	177	177	217	225	262	276	125	131	190	190	178	194	-99	-99	121	143
S15-2670	-99	-99	194	194	231	231	-99	-99	-99	-99	-99	-99	131	135	-99	-99	-99	-99	-99	-99	121	143
S15-2671	239	239	198	198	233	233	-99	-99	-99	-99	-99	-99	-99	-99	182	182	-99	-99	-99	-99	121	143
S15-2672	239	241	196	196	-99	-99	173	175	-99	-99	252	276	-99	-99	-99	-99	178	190	-99	-99	117	121
S15-2673	241	241	198	200	229	235	169	169	-99	-99	276	276	-99	-99	-99	-99	178	182	180	180	121	121
S15-2674	239	241	196	200	-99	-99	-99	-99	-99	-99	252	276	-99	-99	-99	-99	178	190	-99	-99	117	121
S15-2675	239	239	200	200	229	241	-99	-99	217	219	-99	-99	129	135	182	190	-99	-99	-99	-99	121	121
S15-2676	-99	-99	200	200	-99	-99	-99	-99	-99	-99	-99	-99	125	135	194	198	-99	-99	-99	-99	121	121
S15-2677	-99	-99	-99	-99	-99	-99	-99	-99	-99	-99	-99	-99	-99	-99	-99	-99	-99	-99	-99	-99	-99	-99
S15-2678	241	241	196	198	237	239	179	179	221	227	-99	-99	129	135	190	198	190	198	-99	-99	121	143
S15-2679	241	241	196	198	237	239	177	179	221	227	260	260	129	135	190	198	190	198	-99	-99	121	143
S15-2682	-99	-99	-99	-99	-99	-99	-99	-99	-99	-99	-99	-99	-99	-99	-99	-99	-99	-99	-99	-99	-99	-99
S15-2683	-99	-99	-99	-99	-99	-99	-99	-99	-99	-99	-99	-99	-99	-99	-99	-99	-99	-99	-99	-99	-99	-99
S15-2684	-99	-99	-99	-99	-99	-99	-99	-99	-99	-99	-99	-99	-99	-99	-99	-99	-99	-99	-99	-99	-99	-99
S15-2686	-99	-99	-99	-99	-99	-99	-99	-99	-99	-99	-99	-99	-99	-99	-99	-99	-99	-99	-99	-99	-99	-99
S15-2687	-99	-99	-99	-99	-99	-99	-99	-99	-99	-99	-99	-99	135	135	-99	-99	-99	-99	-99	-99	121	121
S15-2688	-99	-99	-99	-99	-99	-99	-99	-99	-99	-99	-99	-99	-99	-99	182	182	-99	-99	-99	-99	117	121
S15-2689	-99	-99	-99	-99	-99	-99	-99	-99	-99	-99	-99	-99	-99	-99	-99	-99	-99	-99	-99	-99	-99	-99
S15-2690	-99	-99	-99	-99	-99	-99	-99	-99	-99	-99	-99	-99	-99	-99	-99	-99	-99	-99	-99	-99	121	121
S15-2691	-99	-99	-99	-99	-99	-99	-99	-99	-99	-99	-99	-99	-99	-99	-99	-99	-99	-99	-99	-99	-99	-99
S15-2692	-99	-99	-99	-99	-99	-99	-99	-99	-99	-99	-99	-99	-99	-99	-99	-99	-99	-99	-99	-99	-99	-99
S15-2693	-99	-99	-99	-99	-99	-99	-99	-99	-99	-99	-99	-99	-99	-99	-99	-99	-99	-99	-99	-99	-99	-99
S15-2694	-99	-99	-99	-99	-99	-99	-99	-99	-99	-99	-99	-99	-99	-99	-99	-99	-99	-99	-99	-99	-99	-99
S15-2695	239	241	196	198	233	233	177	177	227	227	254	254	135	135	182	190	182	202	180	180	117	143
S15-2696	241	241	194	196	227	239	169	177	223	227	260	260	129	135	182	190	182	182	-99	-99	117	129
S15-2697	239	241	194	198	239	239	173	177	223	223	260	274	129	135	190	190	182	190	180	180	117	143
S15-2698	239	241	194	198	239	239	173	177	223	223	-99	-99	129	135	190	190	182	190	180	180	117	143
S15-2699	239	241	194	198	231	239	169	177	223	225	244	260	125	135	182	190	182	182	-99	-99	117	129
S15-2700	-99	-99	-99	-99	-99	-99	-99	-99	-99	-99	-99	-99	-99	-99	-99	-99	-99	-99	-99	-99	121	121
S15-2701	239	241	196	200	233	237	173	177	227	229	270	270	139	139	194	194	178	186	-99	-99	117	121
S15-2702	239	239	194	198	-99	-99	-99	-99	-99	-99	-99	-99	-99	-99	-99	-99	164	182	-99	-99	-99	-99
S15-2703	-99	-99	-99	-99	-99	-99	-99	-99	-99	-99	-99	-99	-99	-99	-99	-99	-99	-99	-99	-99	-99	-99
S15-2704	239	241	196	200	233	237	173	177	227	229	270	270	139	139	190	194	178	186	-99	-99	117	121
S15-2705	239	241	196	196	231	233	175	179	223	227	270	280	129	131	190	190	160	178	-99	-99	121	143
S15-2706	-99	-99	194	204	227	227	-99	-99	225	225	-99	-99	129	135	-99	-99	178	194	-99	-99	121	143
S15-2707	239	241	194	196	233	233	175	179	221	227	252	274	125	135	190	190	160	178	180	180	121	121
S15-2708	239	239	196	196	233	233	161	161	225	229	270	276	125	135	190	198	186	190	-99	-99	121	121
S15-2709	239	239	196	198	233	235	175	179	213	223	232	280	125	139	190	198	182	190	-99	-99	121	143
S15-2710	239	239	196	196	233	233	161	161	225	229	270	276	125	135	190	198	186	190	-99	-99	121	121
S15-2711	239	239	196	196	233	233	161	175	219	229	270	270	125	135	182	190	178	190	-99	-99	121	121
S15-2712	239	239	196	196	233	233	161	161	225	229	270	276	125	135	190	198	186	190	-99	-99	121	121
S15-2713	239	239	196	198	233	239	175	177	213	231	280	280	125	139	190	190	182	190	-99	-99	121	143
S15-2714	239	239	196	198	233	235	175	179	213	223	232	280	125	139	190	198	182	190	-99	-99	121	143
S15-2716	-99	-99	-99	-99	-99	-99	-99	-99	-99	-99	-99	-99	125	125	-99	-99	-99	-99	-99	-99	121	143
S15-2717	239	239	194	200	231	233	179	179	223	227	244	276	129	135	194	194	178	182	-99	-99	117	121
S15-2718	241	241	194	198	227	233	179	179	225	229	266	280	135	135	190	198	164	198	-99	-99	121	121
S15-2719	241	241	194	198	227	233	179	179	225	229	266	266	135	135	190	198	164	164	-99	-99	121	121
S15-2720	-99	-99	-99	-99	-99	-99	-99	-99	-99	-99	-99	-99	-99	-99	-99	-99	-99	-99	-99	-99	-99	-99
S15-2721	241	241	194	198	227	233	179	181	225	229	266	280	135	135	190	198	164	198	-99	-99	121	121
S15-2722	239	241	194	200	227	231	179	179	225	227	262	276	129	135	190	194	182	198	-99	-99	117	121
S15-2723	239	241	196	200	-99	-99	173	175	219	225	244	274	-99	-99	190	198	182	190	-99	-99	121	143
S15-2724	-99	-99	-99	-99	-99	-99	-99	-99	-99	-99	-99	-99	-99	-99	-99	-99	-99	-99	-99	-99	-99	-99
S15-2725	241	241	194	198	227	233	179	179	229	229	266	266	135	135	190	198	164	164	-99	-99	121	121
S15-2726	-99	-99	-99	-99	-99	-99	-99	-99	-99	-99	-99	-99	121	139	190	194	-99	-99	-99	-99	143	143
S15-2727	-99	-99	194	194	227	233	179	179	229	229	-99	-99	135	135	190	198	-99	-99	-99	-99	121	121
S15-2728	241	241	194	198	227	233	179	181	225	229	266	280	135	135	190	198	164	198	-99	-99	121	121
S15-2729	239	239	200	200	233	233	177	177	223	227	248	248	131	131	182	190	182	190	180	180	117	121
S15-2730	239	239	196	202	227	231	169	173	223	223	252	266	121	139	190	194	186	194	-99	-99	143	143
S15-2731	239	241	194	200	231	233	179	179	223	227	244	244	129	129	194	194	178	182	-99	-99	117	121
S15-2732	-99	-99	-99	-99	-99	-99	-99	-99	-99	-99	-99	-99	-99	-99	-99	-99	-99	-99	-99	-99	-99	-99
S15-2738	-99	-99	-99	-99	-99	-99	-99	-99	-99	-99	-99	-99	-99	-99	-99	-99	-99	-99	-99	-99	-99	-99
S15-2745	-99	-99	194	194	227	231	179	179	225	227	-99	-99	129	135	190	194	-99	-99	-99	-99	117	121
S15-2746	239	239	196	198	227	227	173	175	215	223	244	252	121	139	190	194	190	194	180	180	121	143
S15-2752	239	239	196	198	227	227	173	175	215	223	244	252	121	139	190	194	190	194	180	180	121	143
S15-2753	239	241	-99	-99	231	231	175	175	215	223	244	244	121	129	190	190	162	190	-99	-99	121	121
S15-2754	239	241	194	200	227	233	175	175	223	227	248	264	131	135	190	194	190	190	-99	-99	121	121
S15-2756	-99	-99	196	196	227	227	161	177	-99	-99	274	274	129	129	182	190	174	174	-99	-99	121	143
S15-2757	239	239	196	196	227	241	-99	-99	223	223	-99	-99	135	135	182	190	174	178	-99	-99	121	121
S15-2758	241	241	196	198	239	239	175	177	225	231	274	274	129	129	190	190	190	190	-99	-99	117	121
S15-2760	239	241	-99	-99	227	235	175	177	-99	-99	-99	-99	-99	-99	190	190	190	190	-99	-99	117	121
S15-2761	239	241	196	198	227	239	175	175	219	231	254	254	125	135	190	190	190	190	-99	-99	117	117
S15-2762	239	239	198	200	-99	-99	-99	-99	-99	-99	-99	-99	-99	-99	190	194	-99	-99	180	180	-99	-99
S15-2763	241	241	196	196	227	237	169	177	225	227	236	274	111	135	188	190	182	198	-99	-99	121	121
S15-2764	-99	-99	-99	-99	-99	-99	-99	-99	-99	-99	-99	-99	-99	-99	-99	-99	-99	-99	-99	-99	-99	-99
S15-2766	-99	-99	200	200	227	227	-99	-99	223	223	-99	-99	125	125	-99	-99	162	162	180	180	121	121
S15-2768	239	241	196	198	227	239	175	175	219	231	254	274	125	135	190	190	190	190	-99	-99	117	117
S15-2770	241	241	196	196	227	237	169	177	225	227	-99	-99	111	135	-99	-99	182	198	-99	-99	121	121
S15-2775	-99	-99	-99	-99	-99	-99	-99	-99	-99	-99	-99	-99	-99	-99	-99	-99	-99	-99	-99	-99	-99	-99
S15-2778	-99	-99	194	200	-99	-99	175	175	225	225	-99	-99	135	135	182	190	178	178	-99	-99	121	143
S15-2779	239	239	204	204	-99	-99	-99	-99	215	225	-99	-99	135	135	190	190	178	194	-99	-99	121	124
S15-2780	239	239	194	200	227	227	175	175	225	231	254	276	135	135	182	190	178	178	-99	-99	121	143
S15-2782	-99	-99	-99	-99	-99	-99	-99	-99	-99	-99	-99	-99	-99	-99	-99	-99	-99	-99	-99	-99	-99	-99
S15-2785	-99	-99	-99	-99	-99	-99	-99	-99	-99	-99	-99	-99	-99	-99	-99	-99	-99	-99	-99	-99	121	121
S15-2787	239	241	196	200	231	231	177	179	227	227	-99	-99	135	135	188	190	164	182	-99	-99	121	121
S15-2788	-99	-99	-99	-99	-99	-99	-99	-99	-99	-99	-99	-99	135	135	-99	-99	-99	-99	-99	-99	121	143
S15-2790	239	239	196	200	227	235	175	177	221	227	270	274	125	135	190	190	190	190	-99	-99	121	121
S15-2791	239	239	196	200	227	227	175	177	221	227	274	274	125	135	190	206	190	190	-99	-99	121	121
S15-2793	239	239	196	196	227	235	175	177	213	227	-99	-99	125	125	182	190	178	190	-99	-99	121	121
S15-2794	239	241	196	198	239	239	179	179	219	231	270	270	131	131	190	198	178	194	-99	-99	121	121
S15-2795	239	239	196	200	227	235	175	175	221	227	-99	-99	125	135	190	190	190	190	-99	-99	121	121
S15-2798	-99	-99	-99	-99	-99	-99	-99	-99	-99	-99	-99	-99	139	139	-99	-99	-99	-99	-99	-99	-99	-99
S15-2799	239	239	200	202	227	227	161	177	225	227	274	276	125	135	190	198	190	190	-99	-99	143	143
S15-2800	239	241	196	200	227	227	177	177	227	231	252	254	125	135	188	188	178	190	-99	-99	121	121
S15-2802	239	239	194	204	227	227	175	175	225	225	254	270	135	135	190	190	178	194	-99	-99	121	121
S15-2803	239	239	200	200	227	237	175	175	223	225	252	276	125	135	190	194	178	182	-99	-99	129	143
S15-2804	239	241	196	200	231	239	177	179	227	229	-99	-99	135	135	188	190	164	182	-99	-99	121	121
S15-2805	241	241	198	204	227	227	175	187	219	225	-99	-99	129	135	190	190	182	194	180	180	121	143
S15-2806	-99	-99	-99	-99	-99	-99	-99	-99	-99	-99	-99	-99	-99	-99	-99	-99	-99	-99	-99	-99	-99	-99
S15-2807	-99	-99	-99	-99	-99	-99	173	173	-99	-99	-99	-99	121	129	-99	-99	-99	-99	-99	-99	143	143
S15-2808	239	239	194	198	233	233	173	177	227	227	272	274	125	135	190	190	164	190	180	180	121	121
S15-2809	239	241	194	196	233	239	173	177	227	227	272	274	125	135	188	190	164	186	-99	-99	-99	-99
S15-2810	239	239	196	200	233	239	173	175	213	231	270	270	129	135	182	194	-99	-99	-99	-99	121	121
S15-2811	-99	-99	-99	-99	-99	-99	175	175	231	231	-99	-99	125	129	194	194	186	186	-99	-99	121	129
S15-2812	-99	-99	-99	-99	-99	-99	-99	-99	-99	-99	-99	-99	-99	-99	-99	-99	-99	-99	-99	-99	-99	-99
S15-2813	241	241	196	196	227	233	175	177	223	223	-99	-99	121	125	190	190	190	190	-99	-99	121	143
S15-2814	239	239	196	196	231	231	173	177	213	217	-99	-99	129	129	190	190	190	190	-99	-99	121	121
S15-2815	241	241	194	196	227	233	175	177	223	227	-99	-99	121	125	190	190	190	190	-99	-99	121	143
S15-2816	239	239	194	198	227	227	169	169	223	225	-99	-99	111	111	190	194	182	186	180	180	121	121
S15-2817	241	241	194	196	227	233	175	177	223	227	274	284	121	125	190	190	190	190	-99	-99	121	143
S15-2818	241	241	194	196	227	233	175	177	223	227	274	284	121	125	190	190	190	190	-99	-99	121	143
S15-2819	239	239	194	198	227	227	169	177	223	225	266	266	111	111	-99	-99	182	186	180	180	121	121
S15-2820	-99	-99	198	198	-99	-99	161	161	-99	-99	-99	-99	125	135	190	190	186	186	-99	-99	121	143
S15-2821	239	239	196	200	227	227	175	177	213	231	270	270	129	129	190	194	186	186	-99	-99	121	129
S15-2822	239	239	196	200	227	227	175	177	213	231	270	270	125	129	190	194	186	186	-99	-99	121	129
S15-2823	239	239	194	194	-99	-99	161	161	213	213	-99	-99	-99	-99	190	194	178	178	-99	-99	121	143
S15-2824	241	241	194	196	227	233	175	177	223	227	-99	-99	121	125	190	190	190	190	-99	-99	121	143
S15-2825	239	239	196	196	231	239	173	177	213	217	260	276	125	129	190	190	190	190	-99	-99	121	121
S15-2826	241	241	194	194	227	235	177	177	227	231	-99	-99	125	129	190	194	182	190	-99	-99	121	143
S15-2827	241	241	194	194	227	227	-99	-99	-99	-99	-99	-99	121	125	190	190	-99	-99	-99	-99	121	121
S15-2828	239	239	196	196	231	231	173	177	213	217	-99	-99	125	129	190	190	190	190	-99	-99	121	121
S15-2829	-99	-99	-99	-99	-99	-99	-99	-99	-99	-99	-99	-99	-99	-99	-99	-99	-99	-99	-99	-99	-99	-99
S15-2830	-99	-99	-99	-99	227	227	169	177	223	225	-99	-99	111	111	190	194	182	186	180	180	121	121
S15-2832	-99	-99	-99	-99	-99	-99	-99	-99	-99	-99	-99	-99	-99	-99	-99	-99	-99	-99	-99	-99	-99	-99
S15-2833	-99	-99	-99	-99	-99	-99	-99	-99	-99	-99	-99	-99	-99	-99	-99	-99	-99	-99	-99	-99	-99	-99
S15-2834	-99	-99	-99	-99	-99	-99	-99	-99	-99	-99	-99	-99	-99	-99	-99	-99	-99	-99	-99	-99	-99	-99
S15-2835	-99	-99	-99	-99	-99	-99	-99	-99	-99	-99	-99	-99	129	129	-99	-99	-99	-99	-99	-99	-99	-99
S15-2836	241	241	194	198	227	231	161	187	223	227	262	274	125	135	-99	-99	182	186	-99	-99	121	143
S15-2837	239	239	196	200	227	227	175	177	213	231	270	270	125	129	190	194	186	186	-99	-99	121	129
S15-2838	241	241	194	208	227	231	187	187	223	227	-99	-99	121	135	190	192	186	190	-99	-99	121	126
S15-2839	-99	-99	-99	-99	-99	-99	-99	-99	-99	-99	-99	-99	129	129	-99	-99	-99	-99	-99	-99	-99	-99
S15-2840	241	241	194	198	227	231	161	187	223	227	-99	-99	125	135	190	194	182	186	-99	-99	121	143
S15-2841	-99	-99	-99	-99	-99	-99	-99	-99	-99	-99	-99	-99	125	125	-99	-99	198	198	-99	-99	143	143
S15-2842	241	241	196	196	227	227	175	177	219	219	-99	-99	125	135	190	190	182	190	180	180	121	143
S15-2843	241	241	-99	-99	-99	-99	175	177	223	227	-99	-99	121	125	190	190	178	190	-99	-99	121	143
S15-2844	241	241	194	196	227	233	175	177	223	227	-99	-99	121	125	190	190	190	190	-99	-99	121	143
S15-2845	241	241	194	208	227	231	187	187	223	227	260	270	121	135	190	190	186	190	-99	-99	121	121
S15-2846	241	241	196	196	227	227	175	177	219	227	-99	-99	125	135	190	190	182	190	180	180	121	143
S15-2847	241	241	194	198	227	231	161	187	223	227	-99	-99	125	135	190	194	182	186	-99	-99	121	143
S15-2848	241	241	194	196	227	227	177	177	227	231	-99	-99	125	129	190	194	182	190	-99	-99	121	143
S15-2849	-99	-99	-99	-99	-99	-99	-99	-99	-99	-99	-99	-99	125	125	-99	-99	-99	-99	-99	-99	-99	-99
S15-2850	239	239	196	200	-99	-99	169	173	213	231	270	270	129	135	182	194	-99	-99	-99	-99	121	121
S15-2851	239	239	196	200	-99	-99	173	173	213	231	-99	-99	129	135	182	194	182	190	-99	-99	121	121
S15-2852	-99	-99	-99	-99	-99	-99	-99	-99	-99	-99	-99	-99	-99	-99	-99	-99	-99	-99	-99	-99	-99	-99
S15-2853	-99	-99	-99	-99	-99	-99	-99	-99	-99	-99	-99	-99	-99	-99	-99	-99	-99	-99	-99	-99	-99	-99
S15-2854	-99	-99	-99	-99	-99	-99	-99	-99	-99	-99	-99	-99	-99	-99	-99	-99	-99	-99	-99	-99	-99	-99
S15-2855	-99	-99	-99	-99	-99	-99	175	175	-99	-99	-99	-99	-99	-99	-99	-99	-99	-99	-99	-99	121	121
S15-2856	-99	-99	-99	-99	-99	-99	-99	-99	-99	-99	-99	-99	-99	-99	-99	-99	-99	-99	-99	-99	-99	-99
S15-2857	-99	-99	-99	-99	-99	-99	-99	-99	-99	-99	-99	-99	-99	-99	-99	-99	-99	-99	-99	-99	117	121
S15-2858	-99	-99	-99	-99	-99	-99	-99	-99	-99	-99	-99	-99	-99	-99	-99	-99	-99	-99	-99	-99	-99	-99
S15-2859	-99	-99	-99	-99	-99	-99	-99	-99	-99	-99	-99	-99	-99	-99	-99	-99	-99	-99	-99	-99	-99	-99
S15-2860	235	235	-99	-99	-99	-99	-99	-99	-99	-99	-99	-99	-99	-99	-99	-99	-99	-99	-99	-99	-99	-99
S15-2861	241	241	194	196	227	227	177	177	223	227	-99	-99	121	125	190	190	190	190	-99	-99	121	143
S15-2862	-99	-99	198	198	227	227	-99	-99	223	225	-99	-99	111	111	190	194	182	186	180	180	121	121
S15-2863	-99	-99	-99	-99	-99	-99	-99	-99	-99	-99	-99	-99	-99	-99	-99	-99	-99	-99	-99	-99	-99	-99
S15-2864	239	239	200	200	227	227	175	177	213	231	270	270	125	129	190	194	186	186	-99	-99	121	129
S15-2865	241	241	-99	-99	227	227	-99	-99	227	227	-99	-99	125	135	-99	-99	182	186	-99	-99	121	143
S15-2866	239	241	194	194	233	233	161	175	213	227	-99	-99	125	135	190	194	178	190	-99	-99	121	143
S15-2867	239	239	196	196	227	233	-99	-99	213	213	276	276	129	129	182	194	-99	-99	-99	-99	121	129
S15-2868	-99	-99	-99	-99	-99	-99	-99	-99	-99	-99	-99	-99	-99	-99	194	194	-99	-99	-99	-99	121	143
S15-2869	239	241	196	196	233	233	177	181	227	231	244	276	125	135	190	192	178	178	180	180	121	121
S15-2870	241	241	194	198	-99	-99	161	161	223	227	-99	-99	125	135	190	194	182	186	-99	-99	121	143
S15-2871	241	241	194	198	227	231	161	187	223	227	-99	-99	125	135	192	194	182	186	-99	-99	121	143
S15-2872	-99	-99	194	196	227	227	175	177	223	227	-99	-99	121	125	190	190	190	190	-99	-99	121	143
S15-2873	241	241	194	196	227	233	175	177	223	227	-99	-99	121	125	190	192	190	190	-99	-99	121	143
S15-2874	241	241	194	194	233	233	161	161	-99	-99	-99	-99	125	135	-99	-99	178	178	-99	-99	121	143
S15-2875	239	239	196	200	233	233	173	175	213	231	270	270	129	135	182	194	-99	-99	-99	-99	121	121
S15-2876	239	247	196	200	227	227	175	177	213	231	270	270	129	129	190	194	170	186	-99	-99	121	129
S15-2877	239	241	194	194	233	233	161	175	213	227	-99	-99	125	135	190	194	178	190	-99	-99	121	143
S15-2878	-99	-99	196	196	-99	-99	-99	-99	-99	-99	-99	-99	125	125	-99	-99	-99	-99	-99	-99	-99	-99
S15-2879	241	241	194	198	227	231	161	161	-99	-99	-99	-99	125	135	-99	-99	182	186	-99	-99	121	143
S15-2880	239	239	196	200	227	227	175	177	213	231	270	270	129	129	190	194	186	186	-99	-99	121	129
S15-2883	241	241	194	198	227	231	161	187	223	227	260	274	125	135	-99	-99	182	186	-99	-99	121	143
S15-2885	-99	-99	-99	-99	-99	-99	177	177	-99	-99	-99	-99	129	129	-99	-99	-99	-99	-99	-99	121	121
S15-2887	-99	-99	-99	-99	-99	-99	-99	-99	-99	-99	-99	-99	-99	-99	-99	-99	-99	-99	-99	-99	-99	-99
S15-2888	-99	-99	-99	-99	-99	-99	-99	-99	-99	-99	-99	-99	-99	-99	188	188	-99	-99	-99	-99	-99	-99
S15-2889	-99	-99	-99	-99	-99	-99	-99	-99	-99	-99	-99	-99	-99	-99	192	192	-99	-99	-99	-99	-99	-99
S15-2892	-99	-99	202	202	227	227	-99	-99	223	223	-99	-99	135	135	194	194	178	190	-99	-99	121	121
S15-2894	-99	-99	-99	-99	-99	-99	-99	-99	-99	-99	-99	-99	-99	-99	-99	-99	-99	-99	-99	-99	121	121
S15-2895	-99	-99	-99	-99	-99	-99	-99	-99	-99	-99	-99	-99	121	121	198	198	-99	-99	-99	-99	124	143
S15-2896	-99	-99	-99	-99	-99	-99	-99	-99	-99	-99	-99	-99	-99	-99	-99	-99	-99	-99	-99	-99	-99	-99
S15-2897	-99	-99	-99	-99	-99	-99	-99	-99	-99	-99	-99	-99	139	139	-99	-99	-99	-99	-99	-99	-99	-99
S15-2898	239	239	194	198	233	237	179	179	223	241	-99	-99	135	135	190	190	164	164	-99	-99	121	143
S15-2899	-99	-99	-99	-99	-99	-99	-99	-99	-99	-99	-99	-99	-99	-99	-99	-99	-99	-99	-99	-99	121	121
S15-2900	-99	-99	-99	-99	-99	-99	-99	-99	-99	-99	-99	-99	-99	-99	-99	-99	-99	-99	-99	-99	-99	-99
S15-2901	239	239	198	198	229	233	179	181	223	227	264	270	125	135	190	190	164	190	-99	-99	121	121
S15-2902	-99	-99	196	196	-99	-99	-99	-99	-99	-99	-99	-99	129	129	190	194	186	186	-99	-99	121	121
S15-2903	239	239	194	198	233	237	179	179	223	241	270	290	135	135	190	190	164	198	-99	-99	121	143
S15-2905	-99	-99	-99	-99	-99	-99	-99	-99	-99	-99	-99	-99	-99	-99	-99	-99	-99	-99	-99	-99	-99	-99
S15-2906	-99	-99	-99	-99	-99	-99	-99	-99	-99	-99	-99	-99	-99	-99	-99	-99	-99	-99	-99	-99	-99	-99
S15-2908	-99	-99	-99	-99	-99	-99	-99	-99	-99	-99	-99	-99	-99	-99	-99	-99	-99	-99	-99	-99	-99	-99
S15-2909	-99	-99	-99	-99	-99	-99	-99	-99	-99	-99	-99	-99	-99	-99	-99	-99	-99	-99	-99	-99	-99	-99
S15-2910	-99	-99	-99	-99	-99	-99	-99	-99	-99	-99	-99	-99	-99	-99	-99	-99	-99	-99	-99	-99	121	121
S15-2911	-99	-99	-99	-99	-99	-99	-99	-99	-99	-99	-99	-99	-99	-99	-99	-99	-99	-99	-99	-99	-99	-99
S15-2912	239	241	196	196	227	227	173	173	221	223	268	268	129	139	194	194	-99	-99	180	180	121	143
S15-2913	-99	-99	-99	-99	-99	-99	-99	-99	-99	-99	-99	-99	-99	-99	190	190	-99	-99	-99	-99	121	121
S15-2915	239	239	198	198	229	233	179	181	223	227	264	270	125	135	190	190	164	190	-99	-99	121	121
S15-2916	239	241	196	198	227	239	175	181	217	219	264	270	125	129	190	194	164	186	-99	-99	117	143
S15-2917	239	241	196	198	233	239	177	181	217	227	264	290	125	125	190	190	164	190	-99	-99	117	121
S15-2919	239	239	194	196	227	239	175	179	213	217	252	270	129	139	190	194	178	178	-99	-99	143	143
S15-2920	241	241	196	200	227	227	173	173	219	223	-99	-99	125	135	190	194	182	190	-99	-99	121	143
S15-2921	241	241	196	200	227	227	173	173	219	223	-99	-99	125	135	190	194	182	190	-99	-99	121	143
S15-2922	239	241	198	200	227	235	179	179	217	223	254	276	121	125	190	198	178	186	-99	-99	129	143
S15-2923	239	241	198	200	227	235	179	179	217	223	254	276	121	125	190	198	178	186	-99	-99	129	143
S15-2924	-99	-99	-99	-99	231	231	-99	-99	-99	-99	-99	-99	-99	-99	-99	-99	178	178	-99	-99	121	121
S15-2927	-99	-99	-99	-99	-99	-99	-99	-99	-99	-99	-99	-99	-99	-99	-99	-99	-99	-99	-99	-99	-99	-99
S15-2928	239	239	196	196	227	227	177	181	227	231	-99	-99	125	125	190	198	190	194	180	180	121	143
S15-2929	239	241	196	198	231	237	177	177	213	231	254	274	125	131	190	190	160	190	-99	-99	121	143
S15-2930	239	239	198	198	235	237	161	177	213	223	254	276	131	131	190	194	178	190	-99	-99	121	121
S15-2931	-99	-99	-99	-99	-99	-99	-99	-99	-99	-99	-99	-99	-99	-99	-99	-99	-99	-99	-99	-99	-99	-99
S15-2932	239	239	198	198	235	237	161	177	213	223	254	276	131	131	190	194	178	190	-99	-99	121	121
S15-2933	239	239	196	196	227	227	177	181	227	231	252	252	125	125	190	198	190	194	180	180	121	143
S15-2934	241	241	198	198	227	227	-99	-99	-99	-99	-99	-99	121	125	190	198	178	186	-99	-99	129	143
S15-2938	241	241	196	196	227	227	173	173	223	223	-99	-99	125	135	190	194	182	190	-99	-99	121	143
S15-2939	239	239	196	196	227	227	177	181	227	231	252	252	125	125	190	198	190	194	180	180	121	143
S15-2944	-99	-99	-99	-99	-99	-99	-99	-99	-99	-99	-99	-99	-99	-99	-99	-99	-99	-99	-99	-99	-99	-99
S15-2945	239	241	196	198	231	237	177	177	213	231	254	274	125	131	190	190	160	190	-99	-99	121	143
S15-2946	239	241	196	198	231	237	177	177	213	231	254	274	125	131	190	190	160	190	-99	-99	121	143
S15-2947	239	241	196	198	231	237	177	177	213	231	254	274	125	131	190	190	160	190	-99	-99	121	143
S15-2948	239	239	198	198	235	237	161	177	213	223	254	276	131	131	190	194	178	190	-99	-99	121	121
S15-2949	239	241	194	196	231	231	177	179	219	227	-99	-99	125	129	190	194	162	182	-99	-99	129	143
S15-2952	241	241	196	204	227	235	175	177	225	227	240	276	135	139	182	190	186	190	-99	-99	121	143
S15-2953	241	241	194	198	227	231	177	179	219	219	276	276	125	129	182	190	186	190	-99	-99	121	143
S15-2954	-99	-99	198	198	-99	-99	175	179	-99	-99	-99	-99	125	135	190	190	-99	-99	-99	-99	121	129
S15-2955	241	241	194	198	-99	-99	177	177	219	219	-99	-99	125	129	182	190	186	190	-99	-99	121	143
S15-2956	239	239	196	196	239	239	173	175	231	241	270	276	121	135	190	194	178	178	180	180	121	143
S15-2957	-99	-99	-99	-99	-99	-99	-99	-99	-99	-99	-99	-99	125	125	-99	-99	-99	-99	-99	-99	-99	-99
S15-2958	-99	-99	198	198	-99	-99	185	185	-99	-99	-99	-99	129	129	-99	-99	-99	-99	-99	-99	121	121
S15-2959	239	241	196	196	227	227	173	173	225	231	254	270	129	129	190	194	182	190	-99	-99	121	143
S15-2960	-99	-99	-99	-99	-99	-99	187	193	-99	-99	-99	-99	125	125	-99	-99	-99	-99	-99	-99	-99	-99
S15-2961	239	239	200	200	227	233	169	181	221	225	-99	-99	111	125	190	190	190	190	-99	-99	121	121
S15-2964	241	241	196	200	227	237	177	187	223	223	232	254	131	139	190	194	190	194	-99	-99	121	121
S15-2965	241	241	196	200	227	237	177	187	223	223	232	254	131	139	190	194	190	194	-99	-99	121	121
S15-2966	241	241	194	198	227	231	177	177	219	219	276	276	125	129	182	190	186	190	-99	-99	121	143
S15-2972	239	241	194	200	233	233	175	175	219	227	236	258	125	135	182	190	178	190	-99	-99	121	143
S15-2974	-99	-99	196	196	-99	-99	-99	-99	219	231	-99	-99	135	139	-99	-99	182	182	-99	-99	121	143
S15-2976	239	241	196	196	231	231	173	173	217	223	270	276	139	139	190	190	164	178	180	180	121	143
S15-2977	239	241	196	198	227	229	173	175	219	219	-99	-99	129	131	182	190	178	182	180	180	143	143
S15-2978	-99	-99	-99	-99	-99	-99	-99	-99	227	227	-99	-99	-99	-99	-99	-99	-99	-99	-99	-99	121	121
S15-2979	-99	-99	194	200	-99	-99	-99	-99	227	227	-99	-99	-99	-99	182	190	-99	-99	-99	-99	121	143
S15-2980	241	241	194	200	227	237	177	177	219	231	268	274	121	121	190	198	178	182	-99	-99	121	143
S15-2981	239	241	196	196	-99	-99	173	173	217	223	-99	-99	139	139	190	190	164	178	180	180	121	143
S15-2982	239	241	196	196	231	231	173	173	217	223	270	276	139	139	190	190	164	178	180	180	121	143
S15-2983	239	239	198	200	231	233	175	177	219	227	254	258	125	139	182	190	178	190	-99	-99	117	143
S15-2984	239	241	196	196	235	239	175	179	213	231	270	270	125	135	190	194	182	186	-99	-99	121	143
S15-2986	-99	-99	196	196	227	227	177	177	223	223	-99	-99	131	135	182	190	178	190	-99	-99	121	121
S15-2987	239	241	196	196	227	239	175	175	223	231	276	280	135	135	182	194	186	190	-99	-99	121	143
S15-2988	239	239	196	196	227	231	175	177	223	227	280	280	131	135	182	190	178	190	-99	-99	121	121
S15-2989	239	241	196	196	231	231	173	173	217	223	270	276	139	139	190	190	164	178	180	180	121	143
S15-2990	239	239	194	198	227	231	177	177	223	235	252	252	125	139	190	198	178	178	-99	-99	121	121
S15-2991	239	241	196	200	237	239	175	177	217	231	268	280	125	135	190	190	182	190	-99	-99	121	121
S15-2992	-99	-99	-99	-99	-99	-99	-99	-99	-99	-99	-99	-99	125	125	190	190	-99	-99	-99	-99	121	121
S15-2993	239	241	196	196	227	239	175	175	223	231	276	280	135	135	182	194	186	190	-99	-99	121	143
S15-2994	239	239	196	196	227	231	175	177	223	227	280	280	131	135	182	190	178	190	-99	-99	121	121
S15-2995	-99	-99	-99	-99	-99	-99	-99	-99	-99	-99	-99	-99	-99	-99	-99	-99	-99	-99	-99	-99	121	121
S15-2996	-99	-99	-99	-99	-99	-99	-99	-99	-99	-99	-99	-99	121	121	-99	-99	-99	-99	-99	-99	-99	-99
S15-2997	239	239	198	200	231	233	175	177	219	227	-99	-99	125	139	182	190	178	190	-99	-99	117	143
S15-2998	-99	-99	196	196	-99	-99	-99	-99	223	223	-99	-99	139	139	190	190	-99	-99	180	180	121	143
S15-2999	239	241	196	200	237	239	169	181	217	231	268	280	125	135	190	190	182	182	-99	-99	121	121
S15-3000	-99	-99	-99	-99	-99	-99	-99	-99	-99	-99	-99	-99	-99	-99	-99	-99	-99	-99	-99	-99	-99	-99
S15-3001	239	239	196	196	-99	-99	173	173	223	223	-99	-99	139	139	190	192	164	178	180	180	121	143
S15-3002	239	239	196	196	231	231	173	173	217	223	-99	-99	139	139	190	192	164	178	180	180	121	143
S15-3003	239	241	196	196	-99	-99	173	173	217	223	276	276	139	139	192	192	164	178	180	180	121	143
S15-3004	239	241	194	196	227	237	175	175	219	223	274	280	135	135	190	190	182	186	-99	-99	121	143
S15-3005	239	241	194	196	227	237	175	175	219	223	-99	-99	135	135	190	190	182	186	-99	-99	121	143
S15-3006	239	241	196	196	227	239	175	175	223	231	-99	-99	135	135	182	194	186	190	-99	-99	121	143
S15-3007	239	241	194	200	233	233	175	175	219	227	236	258	125	135	182	190	178	178	-99	-99	121	143
S15-3008	-99	-99	-99	-99	-99	-99	-99	-99	-99	-99	-99	-99	-99	-99	-99	-99	-99	-99	-99	-99	117	117
S15-3013	-99	-99	196	196	231	231	-99	-99	223	223	-99	-99	131	135	190	192	178	178	-99	-99	121	121
S15-3014	239	241	196	196	235	235	175	179	213	231	270	270	125	135	190	194	-99	-99	-99	-99	121	143
S15-3016	239	239	194	198	231	233	177	181	219	227	274	280	125	125	190	194	-99	-99	-99	-99	121	143
S15-3017	239	241	194	196	227	237	175	175	219	223	274	280	135	135	190	190	182	182	-99	-99	121	143
S15-3020	239	239	194	198	227	231	177	177	223	235	252	274	125	139	190	198	178	178	-99	-99	121	121
S15-3022	241	241	194	200	231	231	175	175	213	219	274	276	125	129	190	190	178	182	-99	-99	121	143
S15-3024	239	241	196	198	227	227	173	175	219	219	270	290	129	131	182	190	178	178	180	180	143	143
S15-3025	239	241	196	196	231	231	173	173	217	223	270	276	139	139	190	190	164	164	180	180	121	143
S15-3026	239	241	196	196	231	231	173	173	217	223	270	276	139	139	190	190	164	164	180	180	121	143
S15-3028	239	241	196	196	235	239	175	179	213	231	270	276	125	135	190	194	182	186	-99	-99	121	143
S15-3029	239	239	194	198	227	231	173	177	227	241	264	264	125	135	190	190	182	182	-99	-99	117	121
S15-3030	-99	-99	-99	-99	-99	-99	-99	-99	-99	-99	-99	-99	-99	-99	-99	-99	-99	-99	-99	-99	117	117
S15-3031	239	239	196	200	-99	-99	177	177	223	225	276	284	121	139	190	194	-99	-99	180	180	121	121
S15-3032	239	239	198	200	227	231	175	177	227	231	254	270	135	135	194	194	182	190	-99	-99	121	143
S15-3035	239	239	194	198	235	235	173	177	223	227	270	274	111	125	182	190	186	186	180	180	121	143
S15-3036	-99	-99	194	200	-99	-99	173	177	213	231	-99	-99	131	135	190	190	-99	-99	180	180	121	129
S15-3037	239	241	198	200	227	227	177	183	223	227	270	290	125	139	190	190	202	202	-99	-99	121	121
S15-3041	239	239	196	200	227	227	175	175	225	229	270	276	129	131	190	190	186	186	180	180	121	143
S15-3042	-99	-99	194	200	-99	-99	177	181	213	225	-99	-99	135	135	190	198	186	194	180	180	121	121
S15-3043	239	239	194	200	233	233	177	181	213	225	274	276	135	135	190	198	186	194	180	180	121	121
S15-3044	239	241	196	198	231	231	173	173	223	225	270	280	125	139	190	198	186	186	-99	-99	121	121
S15-3045	239	241	198	200	231	231	173	173	223	231	-99	-99	125	139	190	198	178	198	-99	-99	121	121
S15-3046	239	241	196	200	227	233	181	181	219	223	252	266	129	135	182	194	182	182	-99	-99	121	143
S15-3047	-99	-99	196	200	227	233	181	181	219	223	-99	-99	129	135	182	194	-99	-99	-99	-99	121	143
S15-3048	-99	-99	-99	-99	-99	-99	-99	-99	-99	-99	-99	-99	-99	-99	-99	-99	-99	-99	-99	-99	143	143
S15-3049	-99	-99	200	200	227	233	-99	-99	219	223	252	252	129	135	182	194	-99	-99	-99	-99	121	143
S15-3050	-99	-99	-99	-99	-99	-99	-99	-99	-99	-99	-99	-99	-99	-99	-99	-99	-99	-99	-99	-99	-99	-99
S15-3051	239	239	196	198	-99	-99	-99	-99	-99	-99	-99	-99	139	139	182	194	-99	-99	-99	-99	121	143
S15-3055	-99	-99	196	200	233	233	181	181	219	223	-99	-99	129	135	182	194	-99	-99	-99	-99	121	143
S15-3056	239	241	196	196	227	233	173	181	219	227	266	266	129	139	194	194	178	182	-99	-99	121	121
S15-3057	239	239	196	200	227	233	173	173	219	219	252	276	129	129	190	194	178	186	-99	-99	121	121
S15-3059	239	239	198	198	231	233	177	177	217	225	262	276	125	131	190	190	178	178	-99	-99	121	143
S15-3060	239	239	198	200	233	233	177	177	217	227	244	276	125	131	190	190	178	190	180	180	121	121
S15-3061	-99	-99	194	198	-99	-99	173	177	225	231	-99	-99	125	135	182	190	-99	-99	180	180	121	143
S15-3062	-99	-99	-99	-99	-99	-99	-99	-99	-99	-99	-99	-99	129	129	-99	-99	-99	-99	-99	-99	121	121
S15-3063	-99	-99	-99	-99	-99	-99	-99	-99	-99	-99	-99	-99	-99	-99	-99	-99	-99	-99	-99	-99	-99	-99
S15-3064	-99	-99	-99	-99	-99	-99	-99	-99	-99	-99	-99	-99	-99	-99	-99	-99	-99	-99	-99	-99	-99	-99
S15-3065	-99	-99	-99	-99	-99	-99	-99	-99	-99	-99	-99	-99	-99	-99	194	194	-99	-99	-99	-99	-99	-99
S15-3066	239	241	194	198	227	227	169	169	227	227	-99	-99	125	129	182	182	170	170	180	180	117	129
S15-3068	239	241	196	196	227	241	177	181	223	223	274	276	135	135	182	190	174	178	-99	-99	121	121
S15-3070	-99	-99	-99	-99	-99	-99	-99	-99	-99	-99	-99	-99	-99	-99	-99	-99	-99	-99	-99	-99	-99	-99
S15-3071	239	239	194	204	227	227	175	175	225	225	254	254	135	135	190	190	-99	-99	-99	-99	121	121
S15-3072	-99	-99	-99	-99	-99	-99	175	175	-99	-99	-99	-99	-99	-99	190	190	-99	-99	-99	-99	121	121
S15-3073	-99	-99	-99	-99	-99	-99	175	175	-99	-99	-99	-99	-99	-99	190	190	-99	-99	-99	-99	121	121
S15-3074	239	241	194	196	233	239	173	177	227	227	-99	-99	125	135	-99	-99	164	186	-99	-99	121	143
S15-3075	-99	-99	-99	-99	-99	-99	-99	-99	-99	-99	-99	-99	-99	-99	-99	-99	-99	-99	-99	-99	-99	-99
S15-3078	-99	-99	194	194	-99	-99	-99	-99	225	227	-99	-99	121	129	190	198	186	186	-99	-99	121	143
S15-3079	239	241	194	200	227	227	175	187	225	227	248	254	135	135	182	190	178	178	-99	-99	121	143
S15-3080	239	241	196	196	227	231	181	181	227	227	244	270	111	139	190	194	186	186	-99	-99	117	121
S15-3082	239	241	196	200	231	239	177	179	227	227	270	272	135	135	188	190	164	182	-99	-99	121	121
S15-3084	239	239	194	198	227	229	173	175	225	227	274	276	121	129	190	198	164	164	-99	-99	121	143
S15-3085	239	239	194	198	227	227	169	177	223	225	-99	-99	111	111	190	194	182	186	180	180	121	121
S15-3086	239	239	196	196	227	233	175	179	213	231	-99	-99	129	129	182	194	182	186	-99	-99	121	129
S15-3088	-99	-99	-99	-99	-99	-99	-99	-99	-99	-99	-99	-99	-99	-99	-99	-99	-99	-99	-99	-99	121	121
S15-3089	239	241	196	200	237	239	175	177	217	231	268	280	125	135	190	190	182	182	-99	-99	121	121
S15-3090	-99	-99	-99	-99	-99	-99	-99	-99	-99	-99	-99	-99	-99	-99	182	182	-99	-99	-99	-99	121	121
S15-3091	-99	-99	200	200	-99	-99	175	175	219	219	-99	-99	125	125	-99	-99	-99	-99	-99	-99	117	143
S15-3093	241	241	194	200	227	237	177	177	219	231	268	274	121	121	190	198	178	182	-99	-99	121	143
S15-3160	-99	-99	-99	-99	-99	-99	-99	-99	-99	-99	-99	-99	119	131	186	194	-99	-99	180	180	121	143
S15-3161	-99	-99	-99	-99	-99	-99	-99	-99	223	223	-99	-99	131	131	194	202	-99	-99	180	180	121	143
S15-3162	-99	-99	-99	-99	-99	-99	175	175	223	223	-99	-99	131	131	194	202	-99	-99	180	180	121	143
S15-3163	-99	-99	-99	-99	-99	-99	181	181	-99	-99	-99	-99	139	139	182	194	-99	-99	180	180	143	143
S15-3164	239	239	196	196	229	239	173	177	217	223	254	276	125	125	190	194	-99	-99	-99	-99	121	143
S15-3165	-99	-99	-99	-99	-99	-99	-99	-99	-99	-99	-99	-99	-99	-99	194	194	-99	-99	-99	-99	143	143
S15-3166	-99	-99	-99	-99	-99	-99	-99	-99	-99	-99	-99	-99	-99	-99	-99	-99	-99	-99	-99	-99	-99	-99
S15-3167	-99	-99	-99	-99	-99	-99	-99	-99	-99	-99	-99	-99	-99	-99	-99	-99	-99	-99	-99	-99	-99	-99
S15-3168	-99	-99	-99	-99	-99	-99	-99	-99	-99	-99	-99	-99	-99	-99	-99	-99	-99	-99	-99	-99	-99	-99
S15-3169	-99	-99	-99	-99	-99	-99	-99	-99	-99	-99	-99	-99	131	131	-99	-99	-99	-99	-99	-99	121	143
S15-3170	-99	-99	-99	-99	-99	-99	-99	-99	-99	-99	-99	-99	-99	-99	-99	-99	-99	-99	-99	-99	-99	-99
S15-3171	-99	-99	-99	-99	-99	-99	-99	-99	-99	-99	-99	-99	-99	-99	-99	-99	-99	-99	-99	-99	-99	-99
S15-3172	-99	-99	-99	-99	-99	-99	-99	-99	-99	-99	-99	-99	-99	-99	-99	-99	-99	-99	-99	-99	121	143
S15-3173	-99	-99	-99	-99	-99	-99	-99	-99	-99	-99	-99	-99	-99	-99	-99	-99	-99	-99	-99	-99	-99	-99
S15-3174	-99	-99	194	196	-99	-99	173	177	217	217	-99	-99	125	125	182	190	-99	-99	180	180	121	143
S15-3175	-99	-99	194	196	229	229	173	173	223	223	264	264	125	131	190	194	-99	-99	-99	-99	121	143
S15-3176	239	241	194	196	229	233	173	173	223	223	-99	-99	125	131	190	194	-99	-99	-99	-99	121	143
S15-3177	239	239	194	196	239	239	173	177	217	217	254	274	125	125	182	190	-99	-99	180	180	121	143
S15-3178	-99	-99	-99	-99	-99	-99	-99	-99	-99	-99	-99	-99	-99	-99	-99	-99	-99	-99	-99	-99	-99	-99
S15-3179	-99	-99	-99	-99	-99	-99	-99	-99	-99	-99	-99	-99	-99	-99	-99	-99	-99	-99	-99	-99	121	143
S15-3180	-99	-99	-99	-99	-99	-99	-99	-99	-99	-99	-99	-99	-99	-99	-99	-99	-99	-99	-99	-99	-99	-99
S15-3181	-99	-99	198	198	-99	-99	177	177	223	225	-99	-99	-99	-99	182	190	-99	-99	-99	-99	143	143
S15-3182	239	239	-99	-99	231	231	-99	-99	-99	-99	-99	-99	-99	-99	-99	-99	190	190	-99	-99	129	136
S15-3183	-99	-99	-99	-99	231	237	-99	-99	-99	-99	-99	-99	-99	-99	-99	-99	190	190	-99	-99	129	136
S15-3184	245	245	-99	-99	231	237	-99	-99	-99	-99	-99	-99	-99	-99	-99	-99	190	190	-99	-99	136	136
S15-3185	239	241	196	196	233	233	173	173	217	223	276	284	125	129	190	190	-99	-99	180	180	143	143
S15-3186	239	239	198	198	233	233	177	177	223	225	254	276	111	125	182	190	-99	-99	-99	-99	143	143
S15-3187	239	241	194	200	241	241	171	173	217	217	268	268	125	129	194	194	190	194	180	180	121	121
S15-3188	239	241	194	196	233	239	177	177	217	219	260	274	121	125	190	190	186	186	-99	-99	143	143
S15-3189	239	241	194	196	233	233	177	177	217	219	264	274	111	125	190	190	182	182	180	180	121	143
S15-3190	241	241	196	204	-99	-99	177	177	-99	-99	-99	-99	121	125	190	190	-99	-99	-99	-99	143	143
S15-3191	-99	-99	-99	-99	-99	-99	-99	-99	-99	-99	-99	-99	-99	-99	-99	-99	-99	-99	-99	-99	143	143
S15-3192	239	241	196	196	229	237	177	177	217	219	260	274	125	135	190	198	174	174	-99	-99	121	121
S15-3193	239	241	196	198	229	237	177	177	219	219	260	274	125	135	182	194	-99	-99	-99	-99	121	143
S15-3194	239	241	196	198	233	237	173	177	217	219	260	260	129	135	182	190	182	186	-99	-99	121	143
S15-3195	-99	-99	196	196	233	233	173	173	-99	-99	-99	-99	121	125	194	194	-99	-99	-99	-99	121	121
S15-3196	239	241	196	196	229	233	177	177	217	223	260	260	129	129	182	190	164	186	-99	-99	121	143
S15-3197	239	239	196	200	229	229	177	177	217	219	260	260	125	129	190	198	186	186	180	180	121	121
S15-3198	239	239	196	196	229	233	173	177	217	217	260	268	125	135	190	202	186	194	-99	-99	121	121
S15-3199	241	241	196	196	229	237	177	177	217	219	260	274	125	135	190	198	-99	-99	-99	-99	121	121
S15-3200	239	239	196	198	229	233	177	177	219	219	260	264	129	129	190	194	182	186	-99	-99	121	143
S15-3201	239	239	194	198	229	231	-99	-99	221	223	-99	-99	121	129	182	190	-99	-99	-99	-99	121	121
S15-3202	239	239	196	200	229	229	177	177	219	219	-99	-99	125	135	194	198	-99	-99	180	180	121	121
S15-3203	-99	-99	196	198	237	237	-99	-99	217	217	262	262	129	129	190	190	-99	-99	-99	-99	121	121
S15-3204	239	239	196	196	229	233	173	177	217	219	260	268	125	135	190	202	-99	-99	-99	-99	121	121
S15-3205	239	241	196	198	233	237	173	177	217	219	260	260	129	135	182	190	-99	-99	-99	-99	121	143
S15-3206	239	239	194	198	229	231	-99	-99	221	223	260	264	121	129	182	190	-99	-99	-99	-99	121	121
S15-3207	239	241	196	196	229	237	177	177	217	219	260	274	125	135	190	198	182	186	-99	-99	121	121
S15-3208	239	241	194	196	233	233	173	173	217	235	264	268	125	135	190	194	170	170	178	180	121	143
S15-3209	239	241	196	196	229	233	177	177	217	223	260	260	129	129	182	190	164	164	-99	-99	121	143
S15-3210	239	241	196	198	229	229	173	173	215	223	260	276	125	125	182	194	190	190	180	180	143	143
S15-3211	239	241	196	196	231	241	177	177	217	223	260	284	125	131	182	194	190	190	-99	-99	121	143
S15-3212	-99	-99	-99	-99	-99	-99	-99	-99	-99	-99	-99	-99	-99	-99	-99	-99	-99	-99	-99	-99	-99	-99
S15-3213	239	241	194	196	231	239	173	177	223	223	274	284	125	131	182	190	-99	-99	-99	-99	121	121
S15-3214	239	241	196	198	229	229	173	173	215	217	274	284	125	135	182	194	-99	-99	-99	-99	121	129
S15-3215	-99	-99	196	196	-99	-99	177	177	-99	-99	-99	-99	131	135	190	202	-99	-99	-99	-99	121	143
S15-3216	239	241	196	196	237	237	181	181	223	239	274	284	129	131	190	190	164	164	180	180	143	143
S15-3217	239	241	198	198	229	229	177	179	219	233	-99	-99	131	135	190	190	-99	-99	180	180	129	143
S15-3218	239	241	196	196	229	229	181	181	223	225	268	274	131	131	190	202	-99	-99	180	180	143	143
S15-3219	239	241	196	196	229	237	173	173	225	239	268	274	125	125	194	194	178	194	-99	-99	129	143
S15-3220	239	241	196	196	231	241	177	177	217	223	260	284	125	131	182	194	-99	-99	-99	-99	121	143
S15-3221	239	241	194	194	239	241	173	177	215	223	260	284	125	131	182	194	208	208	-99	-99	121	143
S15-3222	-99	-99	-99	-99	-99	-99	-99	-99	-99	-99	-99	-99	-99	-99	-99	-99	-99	-99	-99	-99	-99	-99
S15-3223	239	241	194	196	231	239	173	177	223	223	274	284	125	131	182	190	-99	-99	-99	-99	121	121
S15-3224	-99	-99	-99	-99	-99	-99	-99	-99	-99	-99	-99	-99	-99	-99	-99	-99	-99	-99	-99	-99	-99	-99
S15-3225	239	239	196	196	229	239	177	177	217	223	276	284	131	135	190	202	194	194	-99	-99	121	143
S15-3226	239	239	196	196	229	239	177	177	217	223	276	284	131	135	190	202	-99	-99	-99	-99	121	143
S15-3227	239	241	196	196	231	241	177	177	217	223	260	284	125	131	182	194	-99	-99	-99	-99	121	143
S15-3228	239	241	194	196	231	239	173	177	223	223	274	284	125	131	182	190	-99	-99	-99	-99	121	121
S15-3229	239	241	196	196	231	241	177	177	217	223	260	284	125	131	182	194	-99	-99	-99	-99	121	143
S15-3230	239	241	198	202	229	229	173	177	217	239	-99	-99	125	131	194	194	-99	-99	-99	-99	143	143
S15-3231	241	241	194	198	229	229	177	177	217	217	264	274	125	131	190	194	194	194	-99	-99	121	143
S15-3232	-99	-99	-99	-99	-99	-99	177	177	223	223	-99	-99	131	131	182	194	-99	-99	-99	-99	121	143
S15-3233	-99	-99	194	196	231	239	173	177	223	223	274	284	125	131	182	190	-99	-99	-99	-99	121	121
S15-3234	239	241	196	198	229	229	173	173	215	223	260	276	125	125	182	194	190	194	180	180	143	143
S15-3235	239	241	194	196	231	231	173	173	217	239	274	284	135	139	190	190	182	198	180	180	143	143
S15-3236	239	241	194	196	231	239	173	177	223	223	274	284	125	131	182	190	-99	-99	-99	-99	121	121
S15-3237	239	241	194	196	231	231	173	173	217	239	274	284	135	139	190	190	182	198	180	180	143	143
S15-3238	239	241	194	194	239	241	173	177	215	223	260	260	125	131	182	194	-99	-99	-99	-99	121	143
S15-3239	239	241	196	198	229	229	173	173	215	217	274	284	125	135	182	194	194	198	-99	-99	121	129
S15-3240	239	241	196	198	229	229	173	173	215	217	274	284	125	135	182	194	194	198	-99	-99	121	129
S15-3241	239	241	196	196	231	241	177	177	217	223	260	284	131	131	182	194	-99	-99	-99	-99	121	143
S15-3242	-99	-99	-99	-99	-99	-99	-99	-99	-99	-99	-99	-99	-99	-99	-99	-99	-99	-99	-99	-99	-99	-99
S15-3243	-99	-99	198	198	229	229	177	179	219	235	274	274	-99	-99	190	190	-99	-99	180	180	129	143
S15-3244	-99	-99	194	194	-99	-99	173	173	217	217	-99	-99	131	131	190	194	-99	-99	-99	-99	143	143
S15-3245	239	241	196	196	237	237	181	181	223	239	274	284	129	131	190	190	164	194	180	180	143	143
S15-3246	239	241	196	198	229	233	173	173	217	223	260	276	129	129	190	202	194	194	-99	-99	121	143
S15-3247	-99	-99	194	196	-99	-99	173	177	223	223	-99	-99	131	131	182	190	-99	-99	-99	-99	121	121
S15-3248	-99	-99	-99	-99	-99	-99	-99	-99	-99	-99	-99	-99	-99	-99	-99	-99	-99	-99	-99	-99	-99	-99
S15-3249	239	241	194	196	231	231	173	173	217	239	274	284	139	139	190	190	-99	-99	180	180	143	143
S15-3250	239	241	196	196	237	237	181	181	223	239	274	284	129	131	190	190	164	164	180	180	143	143
S15-3251	239	241	196	198	231	231	173	185	217	223	274	276	131	135	182	194	172	194	180	180	121	143
S15-3252	-99	-99	-99	-99	-99	-99	-99	-99	-99	-99	-99	-99	-99	-99	-99	-99	-99	-99	-99	-99	-99	-99
S15-3253	239	241	198	198	229	229	179	179	217	219	254	276	125	131	190	194	-99	-99	180	180	143	143
S15-3254	239	239	196	196	229	233	173	181	217	225	268	268	125	131	182	190	186	194	-99	-99	129	143
S15-3255	-99	-99	198	198	227	227	173	177	217	217	-99	-99	135	135	190	190	-99	-99	180	180	121	121
S15-3256	239	239	196	198	229	233	177	177	217	217	274	274	125	131	190	190	186	190	-99	-99	121	143
S15-3257	-99	-99	-99	-99	-99	-99	-99	-99	217	219	-99	-99	-99	-99	190	190	-99	-99	-99	-99	143	143
S15-3258	241	241	196	198	227	227	177	181	217	219	254	284	129	129	194	194	-99	-99	180	180	143	143
S15-3259	239	241	194	196	233	237	173	173	217	217	254	268	121	125	182	190	190	194	-99	-99	121	143
S15-3260	239	241	196	196	229	229	173	181	219	219	254	264	121	135	190	190	-99	-99	180	180	143	143
S15-3261	241	241	196	200	229	229	173	173	217	217	260	268	111	125	190	194	-99	-99	180	180	129	143
S15-3262	241	241	196	200	229	229	173	173	217	217	260	268	111	125	190	194	-99	-99	180	180	129	143
S15-3263	241	241	196	198	237	237	173	177	217	219	264	274	125	131	194	194	194	194	-99	-99	143	143
S15-3264	-99	-99	198	198	-99	-99	177	177	217	217	-99	-99	125	131	190	190	-99	-99	-99	-99	121	143
S15-3265	239	239	196	198	229	233	177	177	217	217	274	274	125	131	190	190	186	190	-99	-99	121	143
S15-3266	-99	-99	194	198	229	229	-99	-99	217	219	-99	-99	125	125	182	194	-99	-99	-99	-99	121	143
S15-3267	-99	-99	-99	-99	-99	-99	-99	-99	-99	-99	-99	-99	-99	-99	-99	-99	-99	-99	-99	-99	-99	-99
S15-3268	-99	-99	196	198	229	229	173	177	217	219	-99	-99	125	131	190	190	-99	-99	-99	-99	143	143
S15-3269	-99	-99	-99	-99	-99	-99	-99	-99	-99	-99	-99	-99	-99	-99	-99	-99	-99	-99	-99	-99	-99	-99
S15-3270	239	241	196	198	229	229	173	177	217	219	-99	-99	125	131	190	190	-99	-99	-99	-99	143	143
S15-3271	239	241	194	194	229	237	181	181	217	221	264	274	125	129	182	190	-99	-99	-99	-99	121	143
S15-3272	-99	-99	-99	-99	-99	-99	-99	-99	-99	-99	-99	-99	-99	-99	-99	-99	-99	-99	-99	-99	-99	-99
S15-3273	241	241	196	198	229	237	181	181	219	221	264	268	129	129	182	190	-99	-99	-99	-99	143	143
S15-3274	239	239	194	200	229	229	177	181	217	217	260	274	125	125	182	194	-99	-99	-99	-99	121	121
S15-3275	239	239	194	200	229	229	177	181	217	217	260	274	125	125	182	194	-99	-99	-99	-99	121	121
S15-3276	-99	-99	-99	-99	-99	-99	-99	-99	-99	-99	-99	-99	-99	-99	-99	-99	-99	-99	-99	-99	-99	-99
S15-3277	241	241	194	196	229	237	173	173	223	225	276	284	129	139	190	194	-99	-99	-99	-99	121	143
S15-3278	-99	-99	194	196	233	237	173	173	219	223	260	276	129	129	194	202	-99	-99	-99	-99	121	121
S15-3279	241	241	196	196	233	235	173	177	215	225	276	284	131	131	190	190	-99	-99	-99	-99	121	143
S15-3280	-99	-99	196	196	229	233	173	173	217	225	-99	-99	-99	-99	182	190	-99	-99	-99	-99	121	143
S15-3281	241	241	196	196	233	235	173	177	215	225	276	284	131	131	190	190	-99	-99	-99	-99	121	143
S15-3282	-99	-99	-99	-99	235	235	173	173	-99	-99	-99	-99	-99	-99	190	190	-99	-99	-99	-99	121	143
S15-3283	-99	-99	-99	-99	-99	-99	-99	-99	-99	-99	-99	-99	-99	-99	-99	-99	-99	-99	-99	-99	-99	-99
S15-3284	-99	-99	-99	-99	-99	-99	-99	-99	223	223	-99	-99	-99	-99	182	194	-99	-99	178	178	143	143
S15-3285	239	239	194	196	239	239	173	177	217	217	254	274	125	125	182	190	-99	-99	180	180	121	143
S15-3286	-99	-99	-99	-99	-99	-99	-99	-99	-99	-99	-99	-99	-99	-99	-99	-99	-99	-99	-99	-99	-99	-99
S15-3287	239	239	196	196	229	239	177	177	217	223	-99	-99	131	131	190	202	-99	-99	-99	-99	121	143
S15-3288	-99	-99	-99	-99	-99	-99	-99	-99	-99	-99	-99	-99	-99	-99	-99	-99	-99	-99	-99	-99	-99	-99
S15-3289	-99	-99	-99	-99	-99	-99	-99	-99	-99	-99	-99	-99	-99	-99	-99	-99	-99	-99	-99	-99	-99	-99
S15-3290	-99	-99	-99	-99	-99	-99	-99	-99	-99	-99	-99	-99	-99	-99	-99	-99	-99	-99	-99	-99	-99	-99
S15-3291	239	241	194	196	231	239	173	177	223	223	274	284	125	131	182	190	190	194	-99	-99	121	121
S15-3292	-99	-99	-99	-99	-99	-99	-99	-99	-99	-99	-99	-99	-99	-99	-99	-99	-99	-99	-99	-99	-99	-99
S15-ntc	-99	-99	-99	-99	-99	-99	-99	-99	-99	-99	-99	-99	-99	-99	-99	-99	-99	-99	-99	-99	-99	-99
