-3962371
-3962372
-3962624
-3960729
-3960720
-3961499
-3960247
-3961065
-3961054
-3961053
-3961052
-3961053
-3961053
-3961034
-3961028
-3961029
-3960335
-3961009
-3961004
-3960362
-3960358
-3960360
-3960359
-3960356
-3960360
-3960329
-3960383
-3960412
-3960408
-3960404
-3960407
-3960407
-3960407
-3960406
-3960406
-3960412
-3960403
-3960408
-3960404
-3960405
-3960409
-3960404
-3960404
-3960406
-3960413
-3960403
-3960407
-3960406
-3960406
-3960412
-3960408
-3960388
-3960403
-3960409
-3960406
-3960405
-3960406
-3960405
-3960405
-3960405
-3960407
-3960405
-3960405
-3960405
-3960405
-3960404
-3960382
-3960404
-3960405
-3960405
-3960402
-3960380
-3960380
-3960379
-3960813
-3960793
-3960789
-3960779
-3960779
-3960777
-3960774
-3960770
-3960770
-3960750
-3960706
-3960702
-3960698
-3960683
-3960688
-3960682
-3959888
-3959808
-3959340
-3959903
-3959906
-3959901
-3959865
-3960217
-3959862
-3958939
-3958719
-3959123
-3959872
-3959867
-3959865
-3959223
-3959039
-3959202
-3959443
-3959207
-3959406
-3958737
-3959390
-3958938
-3958938
-3958938
-3958937
-3959202
-3958915
-3958674
-3958481
-3958746
-3958415
-3958346
-3958344
-3958344
-3958344
-3958344
-3958338
-3958343
-3958342
-3958355
-3958355
-3958342
-3958337
-3958340
-3958339
-3958338
-3958336
-3958336
-3958335
-3958332
-3958332
-3958332
-3958330
-3958330
-3958330
-3958328
-3958328
-3958328
-3958328
-3958326
-3958307
-3958632
-3958665
-3958217
-3958216
-3958226
-3958355
-3958170
-3958114
-3958111
-3957989
-3958056
-3958054
-3958054
-3958054
-3958053
-3957972
-3958042
-3958041
-3958038
-3957986
-3957986
-3957985
-3957984
-3957985
-3957983
-3957982
-3957982
-3957999
-3957992
-3957995
-3957973
-3957933
-3957723
-3957723
-3957724
-3957944
-3957720
-3957721
-3957718
-3957717
-3957718
-3957718
-3957717
-3957717
-3957717
-3957716
-3957718
-3957718
-3957718
-3957716
-3957716
-3957713
-3957717
-3957716
-3957716
-3957716
-3957715
-3957713
-3957712
-3957713
-3957713
-3957716
-3957713
-3957710
-3957690
-3957704
-3957851
-3957857
-3957856
-3957783
-3957885
-3957824
-3957819
-3957904
-3958146
-3959151
-3957686
-3958121
-3958120
-3958117
-3958085
-3958083
-3958083
-3958082
-3958081
-3958082
-3958080
-3958080
-3958079
-3957662
-3957871
-3957870
-3957868
-3957868
-3957867
-3957867
-3958097
-3957860
-3957860
-3957821
-3957860
-3957859
-3957859
-3957859
-3957857
-3957859
-3957857
-3957857
-3957857
-3957857
-3957858
-3957857
-3957856
-3957857
-3957857
-3957856
-3957856
-3957855
-3957854
-3957849
-3957848
-3957847
-3958154
-3958154
-3958151
-3958147
-3958151
-3958144
-3958145
-3958146
-3958142
-3958145
-3958150
-3958143
-3958037
-3957811
-3958036
-3958031
-3958117
-3957598
-3957595
-3957590
-3957586
-3957684
-3957829
-3957329
-3957660
-3957820
-3957817
-3957880
-3957984
-3957735
-3957805
-3957741
-3957722
-3957548
-3957412
-3957788
-3957763
-3957783
-3957776
-3957775
-3957762
-3957778
-3957697
-3957696
-3957733
-3957567
-3957563
-3957648
-3957736
-3957396
-3957713
-3957714
-3957364
-3957725
-3957724
-3957718
-3957723
-3957724
-3957717
-3957718
-3957715
-3957717
-3957379
-3957713
-3957714
-3957713
-3957714
-3957712
-3957711
-3957709
-3957708
-3957705
-3957709
-3957702
-3957347
-3957689
-3957346
-3957701
-3957699
-3957699
-3957702
-3957703
-3957699
-3957697
-3957697
-3957697
-3957698
-3957696
-3957696
-3957695
-3957697
-3957697
-3957700
-3957578
-3957695
-3957692
-3957580
-3957692
-3957698
-3957692
-3957698
-3957697
-3957502
-3957696
-3957697
-3957697
-3957697
-3957695
-3957694
-3957697
-3957679
-3957697
-3957697
-3957696
-3957696
-3957696
-3957695
-3957696
-3957690
-3957696
-3957696
-3957572
-3957694
-3957693
-3957498
-3957694
-3957692
-3957497
-3957680
-3957694
-3957692
-3957693
-3957496
-3957692
-3957691
-3957685
-3957693
-3957693
-3957691
-3957692
-3957689
-3957692
-3957691
-3957688
-3957689
-3957690
-3957687
-3957567
-3957488
-3957575
-3957572
-3957486
-3957565
-3957308
-3957307
-3957462
-3957307
-3957306
-3957571
-3957557
-3957549
-3957271
-3957271
-3957548
-3957271
-3957550
-3957552
-3957560
-3957608
-3957564
-3957544
-3957545
-3957561
-3957446
-3957547
-3957342
-3957545
-3957219
-3957272
-3957235
-3957408
-3957413
-3957537
-3957355
-3957576
-3957536
-3957408
-3957545
-3957533
-3957533
-3957534
-3957540
-3957530
-3957536
-3957528
-3957206
-3957528
-3957206
-3957171
-3957528
-3957525
-3957169
-3957526
-3957530
-3957526
-3957527
-3957524
-3957516
-3957518
-3957456
-3957525
-3957124
-3957514
-3957520
-3957517
-3957517
-3957173
-3957172
-3957169
-3957279
-3957281
-3957537
-3957277
-3957278
-3957536
-3957500
-3957408
-3957761
-3957446
-3957112
-3957165
-3957764
-3957162
-3957162
-3957765
-3957162
-3957160
-3957432
-3957160
-3957107
-3957454
-3957107
-3957434
-3957158
-3957433
-3957435
-3957427
-3957430
-3957156
-3957442
-3957443
-3957417
-3957441
-3957440
-3957423
-3957441
-3957425
-3957439
-3957438
-3957438
-3957420
-3957439
-3957437
-3957437
-3957412
-3957411
-3957412
-3957411
-3957409
-3957412
-3957409
-3957439
-3957438
-3957438
-3957438
-3957437
-3957437
-3957437
-3957437
-3957440
-3957436
-3957436
-3957436
-3957436
-3957434
-3957435
-3957435
-3957434
-3957434
-3957103
-3957741
-3957076
-3957380
-3957715
-3957378
-3956951
-3957332
-3957397
-3957394
-3957395
-3957393
-3957392
-3957390
-3957389
-3957389
-3957390
-3957391
-3957390
-3957391
-3957388
-3957390
-3957388
-3957390
-3957388
-3957387
-3957387
-3957385
-3957385
-3957389
-3957384
-3957382
-3957383
-3957386
-3957385
-3957377
-3957026
-3957344
-3957357
-3957356
-3957355
-3957355
-3957361
-3957323
-3957013
-3957033
-3957331
-3957242
-3957269
-3956690
-3957263
-3957264
-3956692
-3956681
-3956678
-3956951
-3956949
-3956949
-3956947
-3956943
-3957290
-3956918
-3957090
-3956898
-3956933
-3956915
-3956928
-3957098
-3956865
-3956862
-3956712
-3956711
-3956691
-3957221
-3957213
-3957207
-3957208
-3957210
-3956613
-3957026
-3956507
-3956498
-3957144
-3956461
-3956461
-3956704
-3956458
-3956335
-3956335
-3956334
-3956330
-3956331
-3956330
-3956331
-3956329
-3956329
-3956329
-3956686
-3956327
-3956409
-3956853
-3957093
-3957081
-3957081
-3957071
-3957085
-3957072
-3956639
-3956635
-3957053
-3957049
-3956421
-3956227
-3957116
-3956589
-3956587
-3956389
-3957006
-3956996
-3956993
-3956760
-3956758
-3956500
-3956498
-3956185
-3956746
-3956964
-3956480
-3956988
-3956662
-3956649
-3956648
-3956643
-3956647
-3956647
-3956645
-3956642
-3956932
-3956932
-3956917
-3956925
-3956924
-3956927
-3956928
-3956866
-3956923
-3956927
-3956922
-3956924
-3956924
-3956923
-3956923
-3956926
-3956924
-3956915
-3956926
-3956921
-3956918
-3956922
-3956922
-3956914
-3956922
-3956920
-3956923
-3956273
-3956917
-3956922
-3956920
-3956919
-3956921
-3956919
-3956915
-3956917
-3956664
-3956912
-3956917
-3956917
-3956910
-3956910
-3956835
-3956405
-3956082
-3955684
-3956610
-3956607
-3956328
-3956923
-3956512
-3956296
-3956272
-3956646
-3956560
-3956249
-3956246
-3956785
-3956596
-3956596
-3956595
-3956222
-3956588
-3956176
-3956567
-3956561
-3956554
-3956562
-3956562
-3956562
-3956562
-3956562
-3956553
-3956561
-3956553
-3956560
-3956555
-3956562
-3956559
-3956554
-3956553
-3956556
-3956556
-3956558
-3956555
-3956550
-3956554
-3956537
-3955302
-3956508
-3956504
-3956387
-3956386
-3956384
-3956052
-3955860
-3956374
-3956099
-3956091
-3956084
-3956079
-3956089
-3955223
-3956008
-3956014
-3955180
-3955180
-3955178
-3955178
-3955179
-3955982
-3955985
-3956061
-3955178
-3956059
-3956383
-3956049
-3955170
-3956014
-3955173
-3956381
-3956024
-3956056
-3956048
-3956048
-3956437
-3956007
-3956435
-3956438
-3956434
-3956016
-3955178
-3956365
-3956432
-3956427
-3956075
-3956016
-3956017
-3956426
-3955947
-3955932
-3955908
-3956728
-3955927
-3956328
-3955884
-3955888
-3955865
-3955927
-3955859
-3955858
-3955857
-3955876
-3955876
-3955876
-3955854
-3955875
-3955875
-3955874
-3955873
-3955874
-3955874
-3955872
-3955841
-3955989
-3956191
-3955845
-3955804
-3955676
-3956377
-3955724
-3955722
-3955723
-3955722
-3955722
-3955722
-3955720
-3955720
-3955719
-3955729
-3955717
-3955728
-3955727
-3955726
-3955714
-3955725
-3955713
-3955720
-3955716
-3955712
-3955716
-3955710
-3955708
-3955686
-3955798
-3956052
-3956407
-3956150
-3955470
-3955257
-3955748
-3956370
-3955761
-3955691
-3955588
-3955533
-3955532
-3955530
-3955732
-3955640
-3955299
-3955615
-3955446
-3955674
-3955584
-3955601
-3955745
-3955589
-3955590
-3955589
-3955588
-3955587
-3955588
-3955587
-3955587
-3955587
-3955587
-3955585
-3955584
-3955584
-3955583
-3955734
-3955523
-3955524
-3955524
-3955522
-3955522
-3955522
-3955521
-3955522
-3955522
-3955521
-3955521
-3955521
-3955520
-3955519
-3955520
-3955521
-3955521
-3955518
-3955519
-3955518
-3955551
-3955533
-3955530
-3955526
-3955525
-3955524
-3955522
-3955525
-3955491
-3955524
-3955524
-3955524
-3955523
-3955522
-3955523
-3955523
-3955523
-3955516
-3955515
-3955480
-3955480
-3955480
-3955512
-3955513
-3955479
-3955478
-3955478
-3955476
-3955508
-3955475
-3955505
-3955476
-3955477
-3955475
-3955473
-3955507
-3955472
-3955471
-3955470
-3955502
-3955466
-3955494
-3955491
-3955481
-3955463
-3955461
-3955462
-3955461
-3955461
-3955453
-3955461
-3954870
-3955454
-3955485
-3955482
-3955448
-3955449
-3955447
-3955448
-3955446
-3955444
-3955440
-3955440
-3955441
-3955440
-3955439
-3955439
-3955439
-3955440
-3955437
-3955440
-3955436
-3955440
-3955440
-3955439
-3955439
-3955439
-3955439
-3955440
-3955439
-3955438
-3955434
-3955438
-3955438
-3955438
-3955438
-3955437
-3955439
-3955438
-3955438
-3955438
-3955436
-3955430
-3955434
-3955435
-3955435
-3955437
-3955435
-3955433
-3955458
-3955436
-3955406
-3955435
-3955436
-3955436
-3955435
-3955435
-3955435
-3955433
-3955432
-3955433
-3955459
-3955431
-3955430
-3955429
-3955430
-3955430
-3955430
-3955430
-3955429
-3955457
-3955429
-3955429
-3955428
-3955430
-3955428
-3955425
-3955429
-3955427
-3955426
-3955144
-3955427
-3955427
-3955433
-3955427
-3955425
-3955437
-3955397
-3955380
-3955378
-3954416
-3954405
-3955370
-3955406
-3954407
-3954407
-3955917
-3954403
-3954404
-3955348
-3955345
-3955383
-3955384
-3955382
-3955389
-3955410
-3955410
-3955409
-3955409
-3955408
-3955407
-3955377
-3955404
-3955404
-3955379
-3955370
-3954919
-3955369
-3955367
-3955321
-3955321
-3955321
-3955372
-3955388
-3955320
-3955387
-3955387
-3955387
-3955375
-3955319
-3955386
-3955386
-3955321
-3955317
-3955317
-3955317
-3955316
-3955315
-3955387
-3955353
-3955385
-3955332
-3955385
-3955425
-3955376
-3955417
-3955353
-3955357
-3955356
-3955353
-3955357
-3955355
-3955355
-3955355
-3955354
-3955356
-3955355
-3955355
-3955354
-3955353
-3955353
-3955353
-3955354
-3955353
-3955352
-3955351
-3955351
-3955349
-3955336
-3955302
-3955344
-3955349
-3955343
-3955343
-3955294
-3955291
-3955290
-3955290
-3955288
-3955286
-3955288
-3955289
-3955288
-3955287
-3955286
-3955287
-3955287
-3955285
-3955284
-3956006
-3955412
-3955417
-3955397
-3955399
-3955308
-3955306
-3955457
-3955458
-3955455
-3955455
-3955455
-3955455
-3955456
-3955454
-3955457
-3955454
-3955455
-3955452
-3955453
-3955447
-3955447
-3955447
-3954576
-3955445
-3954575
-3955444
-3955440
-3954573
-3955442
-3955442
-3955440
-3955440
-3955441
-3955439
-3955440
-3955281
-3955435
-3955275
-3954564
-3955272
-3955266
-3955241
-3955253
-3955253
-3955245
-3955243
-3955246
-3955242
-3955241
-3955242
-3955343
-3954493
-3954229
-3955306
-3955229
-3955306
-3955225
-3955299
-3955303
-3955303
-3955303
-3955303
-3955306
-3955302
-3955302
-3955302
-3955302
-3955192
-3955300
-3955299
-3955140
-3955216
-3955215
-3955215
-3955210
-3955210
-3955217
-3955076
-3955078
-3954348
-3954560
-3954132
-3954219
-3955685
-3955903
-3954130
-3955630
-3955630
-3954329
-3954279
-3954260
-3954269
-3954263
-3954260
-3954231
-3954203
-3954970
-3955118
-3955190
-3954715
-3953702
-3953700
-3954593
-3954593
-3954592
-3954590
-3954592
-3954590
-3954589
-3954589
-3954587
-3955472
-3953681
-3954654
-3953537
-3953533
-3953530
-3953531
-3953867
-3953724
-3954838
-3955348
-3953613
-3954128
-3953419
-3953416
-3954464
-3954359
-3953380
-3953450
-3953363
-3954163
-3953635
-3954163
-3953403
-3954069
-3954046
-3954298
-3953952
-3953954
-3953221
-3953214
-3953213
-3953215
-3953214
-3953182
-3955020
-3954454
-3954451
-3953758
-3954433
-3954837
-3953886
-3952841
-3954332
-3954058
-3953629
-3953680
-3954418
-3954179
-3953618
-3953439
-3953914
-3953574
-3953594
-3953594
-3953435
-3953427
-3953424
-3953433
-3953431
-3953430
-3953429
-3952790
-3953732
-3952947
-3953478
-3953457
-3953449
-3953056
-3952463
-3953439
-3953435
-3953222
-3952830
-3953822
-3953204
-3952575
-3952331
-3952277
-3952295
-3953413
-3953163
-3951500
-3951496
-3951496
-3951476
-3951460
-3951452
-3951454
-3951450
-3951447
-3951449
-3951448
-3952261
-3951448
-3951441
-3952756
-3952754
-3952752
-3952210
-3952746
-3952740
-3952210
-3952171
-3953217
-3952686
-3952726
-3952673
-3952671
-3952672
-3952668
-3952099
-3952412
-3951851
-3953202
-3952509
-3952484
-3951987
-3952481
-3952480
-3952987
-3952530
-3952539
-3952539
-3952539
-3952540
-3952539
-3952548
-3952538
-3952538
-3952537
-3952538
-3952536
-3952537
-3952534
-3952548
-3952548
-3952546
-3952546
-3952463
-3952546
-3952545
-3952543
-3952543
-3952544
-3952543
-3952543
-3952413
-3952541
-3952553
-3952381
-3952519
-3952513
-3952514
-3952510
-3952564
-3953148
-3952419
-3951763
-3951984
-3951986
-3951982
-3951979
-3951978
-3951962
-3952252
-3951910
-3951911
-3951913
-3951908
-3951908
-3951912
-3951909
-3951908
-3951908
-3952674
-3951818
-3952108
-3952779
-3951797
-3952609
-3952785
-3952782
-3952430
-3952762
-3952849
-3952763
-3952846
-3952848
-3952847
-3952846
-3952845
-3952754
-3952755
-3952754
-3952752
-3951758
-3952424
-3952460
-3951691
-3952775
-3952422
-3952085
-3952429
-3952426
-3951811
-3952685
-3952703
-3951829
-3952379
-3951550
-3952402
-3951526
-3951605
-3952403
-3952401
-3952399
-3952400
-3952399
-3952398
-3952399
-3952398
-3952397
-3952397
-3952397
-3952398
-3952396
-3952396
-3952396
-3952396
-3952394
-3952399
-3952393
-3952393
-3952393
-3952392
-3952391
-3952403
-3952392
-3952391
-3952398
-3952398
-3952398
-3952397
-3952397
-3952396
-3952398
-3952396
-3952396
-3952390
-3952400
-3952395
-3952399
-3952399
-3952399
-3952397
-3952397
-3952398
-3952397
-3952397
-3952397
-3952397
-3952397
-3952395
-3952393
-3952395
-3952396
-3952384
-3952395
-3952383
-3952382
-3951495
-3952385
-3951566
-3951562
-3951562
-3952317
-3952380
-3951561
-3951559
-3951558
-3951553
-3951556
-3950299
-3950298
-3951488
-3952720
-3952215
-3952213
-3952215
-3952215
-3952214
-3952212
-3952210
-3952142
-3952203
-3952715
-3952203
-3952203
-3952202
-3952201
-3952201
-3952201
-3952197
-3952200
-3952212
-3952200
-3952200
-3952200
-3952198
-3952198
-3952211
-3952198
-3952197
-3952198
-3952197
-3952197
-3952197
-3952209
-3952198
-3952197
-3952197
-3952196
-3952197
-3952195
-3952195
-3952193
-3952188
-3952205
-3952205
-3952204
-3952188
-3952187
-3952193
-3952201
-3952190
-3952197
-3952196
-3952181
-3952214
-3952172
-3950255
-3952438
-3952148
-3952429
-3950003
-3952411
-3952405
-3951082
-3951309
-3951307
-3951305
-3951304
-3951302
-3953144
-3951293
-3951298
-3952028
-3952027
-3952024
-3952633
-3952023
-3952022
-3951000
-3952069
-3950964
-3950963
-3950960
-3951159
-3951155
-3951855
-3951425
-3951212
-3951045
-3951134
-3951077
-3951033
-3951780
-3951073
-3951030
-3950824
-3951039
-3951036
-3951035
-3951002
-3951035
-3951033
-3951031
-3952115
-3951787
-3950988
-3950990
-3951762
-3951739
-3951736
-3951735
-3951736
-3951733
-3952162
-3952160
-3950948
-3950928
-3951813
-3952118
-3951717
-3952111
-3950728
-3951786
-3951474
-3951348
-3952285
-3950722
-3950852
-3951302
-3951453
-3951913
-3950747
-3951117
-3950732
-3950213
-3950207
-3950201
-3950583
-3950583
-3950175
-3950170
-3950165
-3950161
-3950153
-3950156
-3950520
-3951001
-3950374
-3951332
-3951950
-3950116
-3950103
-3951933
-3950095
-3951956
-3951284
-3950374
-3950436
-3952075
-3949875
-3951852
-3950236
-3950302
-3950297
-3950277
-3950278
-3950274
-3950757
-3950343
-3950342
-3950341
-3950268
-3951131
-3950274
-3950234
-3950634
-3951968
-3950933
-3950183
-3950165
-3949863
-3950150
-3950140
-3950132
-3950131
-3950133
-3950464
-3950145
-3951797
-3950006
-3950038
-3950286
-3951745
-3951731
-3950102
-3950082
-3949978
-3949935
-3949756
-3950020
-3949749
-3950031
-3949749
-3949748
-3949747
-3949962
-3949960
-3950071
-3949744
-3949958
-3949744
-3949956
-3950455
-3950003
-3950054
-3950031
-3950042
-3950029
-3950020
-3950025
-3950032
-3950040
-3950027
-3949699
-3950027
-3950039
-3950026
-3949899
-3949895
-3949804
-3950001
-3950015
-3949893
-3949799
-3950106
-3950101
-3951990
-3949995
-3949972
-3950098
-3949850
-3951986
-3949848
-3951983
-3949964
-3950000
-3949961
-3949962
-3949997
-3949991
-3949992
-3949986
-3949957
-3949983
-3949983
-3949985
-3950608
-3949965
-3949981
-3949981
-3950606
-3949982
-3950603
-3949932
-3949954
-3949961
-3949958
-3949914
-3951940
-3949823
-3949945
-3949813
-3949725
-3949903
-3949810
-3949821
-3949808
-3949901
-3949852
-3949899
-3949857
-3949835
-3949878
-3949797
-3949880
-3949797
-3949874
-3949802
-3949794
-3949792
-3949790
-3949923
-3949920
-3949888
-3949887
-3949887
-3949886
-3949886
-3949842
-3949980
-3949802
-3949977
-3949977
-3949975
-3949803
-3949975
-3949973
-3949970
-3949971
-3949970
-3949970
-3949969
-3949966
-3950058
-3949965
-3949817
-3949772
-3949771
-3949768
-3949769
-3949767
-3949786
-3950037
-3949764
-3950035
-3949765
-3950031
-3950035
-3949558
-3949890
-3950630
-3949759
-3949768
-3949757
-3949932
-3949769
-3949768
-3950057
-3949765
-3949755
-3949752
-3949955
-3949751
-3949760
-3949897
-3949914
-3949879
-3949878
-3949872
-3949891
-3949877
-3949887
-3949974
-3949872
-3949871
-3949866
-3949867
-3949863
-3949868
-3949874
-3949874
-3949869
-3949865
-3949865
-3949864
-3949863
-3949865
-3949866
-3949891
-3949827
-3949869
-3949858
-3949864
-3949849
-3949856
-3950112
-3949877
-3950107
-3950102
-3949856
-3949856
-3950095
-3950085
-3949854
-3949824
-3950340
-3950126
-3950126
-3950338
-3950339
-3950124
-3950335
-3950065
-3950338
-3950272
-3950433
-3950104
-3950185
-3950426
-3949454
-3950351
-3950398
-3950426
-3950415
-3950415
-3950416
-3950416
-3950037
-3950412
-3950417
-3950413
-3950413
-3950412
-3950339
-3950406
-3950478
-3950475
-3950474
-3950475
-3950474
-3950473
-3950473
-3950473
-3950472
-3950471
-3950470
-3950468
-3950470
-3950470
-3950468
-3950468
-3950429
-3949809
-3950411
-3950413
-3950408
-3950418
-3951268
-3950289
-3949650
-3949642
-3950379
-3950379
-3950389
-3949112
-3950288
-3948924
-3949104
-3949102
-3950244
-3949103
-3949100
-3949106
-3949090
-3949090
-3949092
-3949080
-3949070
-3949073
-3949063
-3949064
-3949063
-3949068
-3949062
-3949063
-3950823
-3950329
-3949564
-3949564
-3950321
-3950321
-3950320
-3950320
-3950315
-3950318
-3950318
-3950317
-3950317
-3950316
-3950316
-3950315
-3950313
-3950313
-3948973
-3948973
-3947795
-3949638
-3949061
-3949059
-3949059
-3949058
-3947975
-3949532
-3949049
-3949051
-3949528
-3949529
-3949529
-3949527
-3949050
-3949048
-3949525
-3949047
-3948824
-3950112
-3949001
-3948999
-3950242
-3948885
-3949555
-3949368
-3948996
-3949385
-3949252
-3948907
-3949787
-3949230
-3949782
-3949446
-3949996
-3948801
-3948647
-3948798
-3948793
-3948798
-3948795
-3948794
-3948796
-3948779
-3948794
-3948774
-3948774
-3948771
-3948776
-3948774
-3948772
-3950931
-3949428
-3948460
-3949316
-3948583
-3948571
-3948570
-3948559
-3948581
-3948562
-3948575
-3948902
-3949920
-3948780
-3948363
-3948295
-3948297
-3948285
-3948252
-3948300
-3948288
-3948289
-3948289
-3948288
-3948231
-3946827
-3948647
-3948162
-3948166
-3948165
-3948164
-3948165
-3948160
-3948159
-3948161
-3948159
-3948868
-3946791
-3946781
-3946773
-3946780
-3946778
-3946781
-3946764
-3946752
-3948935
-3948861
-3946707
-3948910
-3946700
-3946699
-3948513
-3948475
-3948661
-3949508
-3948455
-3949272
-3949240
-3949239
-3949238
-3949239
-3949234
-3949235
-3949619
-3949619
-3949614
-3949613
-3948056
-3949215
-3949209
-3948022
-3949203
-3949241
-3948270
-3949171
-3949129
-3948163
-3948237
-3948518
-3948694
-3946308
-3949359
-3946299
-3946298
-3946296
-3946294
-3946294
-3946292
-3946295
-3946294
-3947831
-3948562
-3948336
-3946194
-3949121
-3947774
-3948476
-3948476
-3948474
-3948474
-3948472
-3948437
-3947875
-3948513
-3948182
-3948507
-3948505
-3948793
-3948504
-3948792
-3948502
-3948790
-3948784
-3948785
-3948784
-3948323
-3948290
-3948431
-3948722
-3948721
-3948719
-3948718
-3948713
-3948710
-3948398
-3948395
-3948391
-3948083
-3948390
-3948692
-3948094
-3948664
-3948281
-3948019
-3948561
-3948263
-3947978
-3948563
-3947976
-3947922
-3948186
-3947869
-3947867
-3948619
-3947867
-3947865
-3947861
-3947862
-3947861
-3948246
-3947854
-3948467
-3947391
-3947166
-3947160
-3947158
-3947157
-3947156
-3947146
-3947040
-3949801
-3948723
-3947320
-3948070
-3947057
-3947060
-3947051
-3947058
-3947054
-3947057
-3947054
-3945473
-3947027
-3945468
-3947922
-3946899
-3948148
-3948150
-3948049
-3948221
-3947932
-3947172
-3947669
-3948379
-3947861
-3947693
-3946729
-3947622
-3947615
-3947288
-3947457
-3947719
-3945467
-3948199
-3947835
-3946349
-3947500
-3946670
-3947302
-3947300
-3946108
-3947441
-3944735
-3944830
-3946889
-3944574
-3944571
-3946359
-3946559
-3947156
-3947156
-3947154
-3947153
-3944543
-3947152
-3947155
-3947153
-3944543
-3947152
-3947151
-3944542
-3947151
-3947150
-3947151
-3947151
-3947148
-3947148
-3947148
-3947147
-3947146
-3947146
-3947146
-3947145
-3947147
-3947147
-3947146
-3947144
-3947143
-3947144
-3947145
-3947143
-3947217
-3947126
-3946530
-3946530
-3947123
-3946529
-3946529
-3946529
-3946527
-3946527
-3946526
-3946526
-3946524
-3946524
-3946524
-3946523
-3946523
-3946522
-3946521
-3946515
-3946502
-3944390
-3944387
-3944385
-3946405
-3944372
-3946560
-3944370
-3944382
-3944367
-3944367
-3944363
-3944363
-3944372
-3947132
-3944360
-3946453
-3944366
-3944353
-3944352
-3946447
-3947144
-3946448
-3946446
-3946447
-3946440
-3946444
-3946446
-3946442
-3946441
-3946443
-3946442
-3946441
-3946441
-3946440
-3946430
-3946187
-3946424
-3946186
-3946186
-3946187
-3946184
-3946183
-3946183
-3946182
-3946182
-3946182
-3946182
-3946179
-3946182
-3946182
-3946183
-3946180
-3946179
-3946179
-3946180
-3946181
-3946179
-3946179
-3946178
-3946179
-3946177
-3946177
-3946177
-3946173
-3946172
-3946169
-3946168
-3946661
-3946880
-3947101
-3947100
-3947613
-3946077
-3946075
-3946074
-3946074
-3946074
-3946073
-3946072
-3946072
-3946072
-3946072
-3946073
-3946072
-3946071
-3946070
-3946071
-3946090
-3946089
-3946089
-3946088
-3946088
-3946084
-3946083
-3946964
-3946064
-3946960
-3946955
-3946955
-3946954
-3946952
-3946950
-3946947
-3946947
-3946053
-3944173
-3944084
-3944084
-3944075
-3947027
-3944078
-3945868
-3946932
-3945901
-3945897
-3947904
-3946876
-3945875
-3945865
-3945822
-3946765
-3946875
-3946702
-3946697
-3946701
-3946695
-3946695
-3946691
-3946700
-3946688
-3946794
-3946792
-3946792
-3946791
-3946791
-3946789
-3946781
-3945779
-3945779
-3945779
-3945779
-3945778
-3945778
-3945778
-3945777
-3945776
-3945776
-3946637
-3944903
-3946194
-3946658
-3945720
-3945748
-3945736
-3945737
-3945735
-3945733
-3945733
-3945733
-3945734
-3945731
-3945732
-3945732
-3945733
-3945733
-3945732
-3945753
-3945749
-3946626
-3945716
-3945736
-3946574
-3945701
-3947192
-3945576
-3945725
-3944770
-3944099
-3945249
-3946682
-3945657
-3945548
-3945684
-3945545
-3945634
-3945628
-3945627
-3945624
-3945620
-3945618
-3945629
-3945612
-3945668
-3945619
-3946286
-3945616
-3945616
-3945614
-3945611
-3945601
-3945797
-3945606
-3945604
-3945603
-3945601
-3945628
-3946606
-3945939
-3945515
-3945555
-3945476
-3946437
-3946355
-3944452
-3946877
-3946466
-3946194
-3946192
-3946191
-3946193
-3946190
-3946191
-3946191
-3946190
-3946191
-3946190
-3946190
-3946188
-3946189
-3946167
-3946277
-3946260
-3946373
-3946361
-3946361
-3940836
-3946345
-3947500
-3947495
-3945169
-3946266
-3944824
-3945387
-3946629
-3946086
-3943799
-3945315
-3941633
-3945965
-3943586
-3945739
-3946126
-3945910
-3945910
-3945022
-3945709
-3944776
-3945570
-3945164
-3944740
-3939854
-3944837
-3940826
-3943520
-3945681
-3943182
-3946196
-3946192
-3944703
-3944368
-3944367
-3944366
-3944365
-3944363
-3944364
-3944360
-3944357
-3944343
-3944343
-3944342
-3944333
-3946737
-3946119
-3945186
-3944224
-3944224
-3944232
-3946078
-3944815
-3944149
-3944131
-3943137
-3943124
-3943121
-3943120
-3945607
-3945367
-3945769
-3945765
-3943952
-3945764
-3943950
-3945763
-3945763
-3945762
-3945762
-3945762
-3943495
-3944365
-3943991
-3945027
-3944850
-3943950
-3944511
-3944835
-3944972
-3944968
-3945011
-3943859
-3944084
-3943053
-3944073
-3944832
-3944833
-3944831
-3944830
-3944831
-3944829
-3944826
-3944731
-3944729
-3943968
-3941360
-3942656
-3944408
-3944402
-3942537
-3943657
-3944336
-3944255
-3943265
-3940160
-3944049
-3943540
-3943091
-3945477
-3943360
-3944160
-3943418
-3943101
-3944947
-3943285
-3944536
-3944535
-3944034
-3943682
-3943681
-3943679
-3943677
-3943676
-3943675
-3943674
-3943675
-3943673
-3943673
-3943934
-3944002
-3944000
-3943937
-3943910
-3944551
-3943909
-3943910
-3943912
-3943909
-3943906
-3943906
-3943904
-3943905
-3943905
-3943905
-3943901
-3943900
-3943899
-3943899
-3943887
-3943886
-3943880
-3943884
-3943884
-3943883
-3943882
-3943877
-3943944
-3943944
-3943944
-3943944
-3943879
-3943943
-3943940
-3943879
-3943874
-3943869
-3943877
-3943862
-3940109
-3943962
-3942189
-3943377
-3941409
-3942874
-3943884
-3943883
-3943883
-3943882
-3943881
-3943881
-3943837
-3943843
-3943856
-3943846
-3943841
-3943874
-3943902
-3943902
-3943883
-3943885
-3943884
-3943885
-3943885
-3943884
-3943883
-3943870
-3943865
-3941772
-3943864
-3943051
-3943051
-3943050
-3943050
-3941811
-3942951
-3943344
-3943468
-3944788
-3942802
-3943562
-3941490
-3940263
-3940259
-3942358
-3942394
-3942329
-3943552
-3942691
-3943550
-3943444
-3943449
-3942231
-3942513
-3941311
-3942110
-3941244
-3943213
-3942147
-3942301
-3940641
-3940701
-3940701
-3940727
-3940714
-3940728
-3940728
-3940722
-3940684
-3940724
-3940722
-3940709
-3940655
-3940653
-3940653
-3940651
-3940650
-3940637
-3940619
-3940597
-3940846
-3940841
-3940837
-3940835
-3940834
-3940834
-3940573
-3940713
-3940657
-3940843
-3940839
-3940489
-3941464
-3941083
-3942936
-3938554
-3938551
-3938551
-3938550
-3940387
-3938549
-3938544
-3938544
-3938543
-3938537
-3939504
-3940627
-3940356
-3942764
-3942019
-3942770
-3942752
-3942399
-3941921
-3941564
-3942641
-3941685
-3940908
-3940908
-3940906
-3942360
-3942357
-3942363
-3942358
-3942358
-3941461
-3942356
-3941676
-3942344
-3941436
-3941451
-3942108
-3942103
-3941321
-3941631
-3941632
-3941631
-3941631
-3938160
-3941631
-3940541
-3942091
-3942077
-3940394
-3940247
-3940292
-3940239
-3942247
-3941230
-3941630
-3941618
-3941248
-3939904
-3941588
-3939910
-3940989
-3939716
-3939896
-3939897
-3939897
-3939896
-3941514
-3941671
-3939364
-3939363
-3939362
-3939364
-3939126
-3940914
-3940912
-3940912
-3940912
-3941016
-3940777
-3940837
-3940649
-3939532
-3940846
-3940700
-3940751
-3940750
-3940750
-3940749
-3940747
-3940755
-3939773
-3940553
-3937754
-3937751
-3940825
-3940935
-3940846
-3937663
-3941075
-3940794
-3937171
-3937147
-3937145
-3937431
-3940470
-3940334
-3940469
-3940470
-3940468
-3940538
-3941335
-3939122
-3941515
-3939118
-3939115
-3939127
-3939115
-3939122
-3939113
-3939124
-3939128
-3941229
-3941009
-3940474
-3940235
-3938959
-3940271
-3939188
-3940179
-3940640
-3937177
-3940945
-3940995
-3940994
-3937049
-3940993
-3940993
-3940993
-3940992
-3940991
-3936988
-3936985
-3939829
-3939917
-3940812
-3939966
-3940811
-3940809
-3939824
-3939882
-3939856
-3939674
-3939651
-3940821
-3939567
-3937597
-3939525
-3939525
-3939523
-3939518
-3938146
-3938144
-3938094
-3938086
-3938066
-3937999
-3939321
-3939334
-3939673
-3937974
-3939264
-3939195
-3937556
-3939199
-3938964
-3939149
-3939015
-3939109
-3938782
-3938781
-3938781
-3938994
-3938776
-3938773
-3938768
-3938968
-3938953
-3938956
-3938953
-3938951
-3938785
-3938945
-3938925
-3938732
-3938943
-3938942
-3939072
-3939073
-3939071
-3939071
-3939070
-3939071
-3939069
-3939022
-3935511
-3937369
-3937369
-3937367
-3937791
-3937312
-3937148
-3939995
-3937229
-3937224
-3937224
-3938653
-3938649
-3938812
-3937190
-3938806
-3935150
-3935149
-3935127
-3935136
-3935122
-3935121
-3935121
-3935120
-3935106
-3935047
-3935043
-3938597
-3937088
-3938107
-3938838
-3937062
-3938228
-3938620
-3938620
-3938619
-3938618
-3938617
-3938616
-3938616
-3938616
-3938616
-3938616
-3938614
-3938616
-3938616
-3938616
-3938220
-3938615
-3938616
-3938614
-3938613
-3938613
-3938614
-3938614
-3938613
-3938612
-3937032
-3937027
-3937028
-3937014
-3937012
-3935888
-3938355
-3938301
-3937049
-3938128
-3935861
-3936453
-3939123
-3936905
-3936851
-3938080
-3937268
-3936883
-3936871
-3936866
-3937389
-3937561
-3938539
-3935819
-3938497
-3938205
-3937914
-3935208
-3936542
-3935197
-3935117
-3935104
-3935101
-3935097
-3935689
-3936686
-3935078
-3935054
-3935043
-3935040
-3934987
-3934989
-3934986
-3934983
-3934983
-3934983
-3934985
-3934987
-3934981
-3934985
-3934983
-3934944
-3934898
-3934901
-3934901
-3934895
-3934898
-3934897
-3934893
-3934896
-3934888
-3934884
-3934890
-3937571
-3935905
-3935060
-3934546
-3934541
-3934543
-3934531
-3935786
-3934526
-3937043
-3937011
-3937006
-3937009
-3937008
-3937008
-3934490
-3936966
-3936966
-3936963
-3936962
-3936964
-3935878
-3934413
-3934414
-3932877
-3936738
-3934084
-3935086
-3936510
-3935092
-3933812
-3936306
-3933756
-3933648
-3935797
-3935793
-3935794
-3935789
-3935761
-3935760
-3935757
-3935748
-3935714
-3935711
-3933116
-3935644
-3935639
-3935635
-3935442
-3935644
-3935644
-3935437
-3935436
-3935607
-3935811
-3935621
-3935559
-3934205
-3935303
-3935676
-3935657
-3934091
-3933508
-3934082
-3934058
-3934056
-3934047
-3933949
-3933892
-3933892
-3933892
-3933890
-3933880
-3933878
-3931532
-3932768
-3935145
-3931410
-3934399
-3934395
-3934397
-3934389
-3931994
-3933536
-3933219
-3933183
-3934445
-3933639
-3932035
-3932022
-3933029
-3931914
-3931914
-3931910
-3931913
-3931909
-3931907
-3931907
-3931901
-3932985
-3933301
-3933535
-3933475
-3932717
-3932716
-3932717
-3933219
-3932674
-3932674
-3932674
-3932675
-3933873
-3932682
-3933202
-3933201
-3932661
-3932650
-3933183
-3933617
-3933616
-3933198
-3932456
-3932378
-3932412
-3933486
-3933478
-3932358
-3932961
-3932226
-3932229
-3932214
-3931524
-3932967
-3932121
-3931667
-3930573
-3930570
-3930570
-3930563
-3930539
-3930517
-3930524
-3931331
-3930530
-3930521
-3930519
-3931305
-3931194
-3932599
-3931620
-3931583
-3931571
-3931609
-3931609
-3930398
-3932221
-3932790
-3931447
-3932782
-3932778
-3930271
-3931884
-3930229
-3932543
-3930135
-3929572
-3931837
-3930004
-3931037
-3929369
-3929366
-3929365
-3930572
-3929351
-3929871
-3929325
-3929328
-3929327
-3929766
-3930220
-3929751
-3930766
-3929322
-3929302
-3929298
-3929292
-3929290
-3929287
-3929288
-3932461
-3930172
-3932289
-3930178
-3931034
-3929766
-3930656
-3930655
-3930557
-3930554
-3930619
-3930617
-3930522
-3929619
-3929582
-3932046
-3929568
-3932041
-3929538
-3931520
-3929563
-3930174
-3930168
-3930167
-3930167
-3930164
-3930163
-3930162
-3930154
-3931623
-3929256
-3929291
-3929255
-3929238
-3929257
-3928854
-3929857
-3929857
-3928769
-3928777
-3931467
-3928759
-3931438
-3931314
-3931309
-3931310
-3929764
-3931149
-3931102
-3931101
-3931100
-3931100
-3931097
-3931098
-3931096
-3931098
-3931085
-3931096
-3931095
-3931085
-3931083
-3931094
-3931082
-3931094
-3931082
-3931091
-3931079
-3931090
-3931091
-3931093
-3931090
-3931090
-3931086
-3931086
-3931085
-3931086
-3931090
-3931084
-3931088
-3931087
-3931082
-3931083
-3930928
-3930927
-3930925
-3930925
-3928297
-3928193
-3929936
-3927968
-3927968
-3927955
-3927905
-3927748
-3928709
-3928702
-3928703
-3928700
-3928700
-3928702
-3928698
-3928698
-3928699
-3928697
-3928694
-3927561
-3927547
-3927900
-3927210
-3927154
-3927148
3165726
3165577
3160575
3165602
3165588
3161736
3164575
3161999
3162026
3162023
3162019
3162012
3162012
3162068
3162071
3162048
3164149
3162037
3162039
3163951
3163950
3163945
3163857
3163853
3163801
3163861
3163697
3163583
3163593
3163604
3163595
3163595
3163592
3163594
3163594
3163578
3163601
3163584
3163598
3163594
3163580
3163593
3163593
3163588
3163565
3163595
3163582
3163586
3163586
3163564
3163577
3163633
3163586
3163569
3163576
3163574
3163571
3163574
3163574
3163574
3163565
3163570
3163570
3163570
3163569
3163572
3163640
3163571
3163568
3163568
3163575
3163640
3163640
3163638
3162148
3162043
3162036
3162058
3162039
3162038
3162036
3162032
3161937
3161988
3161997
3161992
3161990
3162001
3161983
3161998
3163458
3163610
3164879
3162714
3162705
3162715
3162608
3161536
3162610
3165180
3165168
3163761
3161413
3161413
3161409
3163328
3163848
3163330
3162532
3163110
3162499
3164502
3162443
3163269
3163265
3163264
3163265
3162416
3163246
3163977
3164422
3163354
3164234
3164285
3164290
3164284
3164284
3164284
3164300
3164283
3164286
3164247
3164243
3164284
3164297
3164288
3164291
3164290
3164295
3164285
3164254
3164257
3164256
3164254
3164257
3164254
3164254
3164255
3164254
3164254
3164254
3164255
3164286
3163299
3163188
3164493
3164489
3164379
3163898
3164404
3164422
3164292
3164588
3164363
3164367
3164366
3164366
3164364
3164598
3164376
3164377
3164378
3164522
3164516
3164514
3164516
3164514
3164519
3164516
3164514
3164366
3164374
3164362
3164393
3164320
3164850
3164847
3164843
3164175
3164852
3164846
3164852
3164851
3164847
3164847
3164849
3164849
3164849
3164852
3164846
3164846
3164846
3164848
3164847
3164855
3164843
3164845
3164845
3164845
3164848
3164850
3164852
3164849
3164849
3164840
3164848
3164850
3164861
3164812
3164265
3164170
3164167
3164332
3164006
3164179
3164149
3163772
3163032
3159965
3164399
3163013
3163006
3163012
3163110
3163112
3163107
3163109
3163111
3163108
3163109
3163108
3163110
3164357
3163720
3163718
3163721
3163721
3163720
3163720
3163014
3163705
3163704
3163820
3163700
3163702
3163702
3163702
3163707
3163701
3163703
3163703
3163703
3163702
3163699
3163701
3163704
3163701
3163701
3163703
3163700
3163700
3163703
3163710
3163707
3163709
3162731
3162731
3162734
3162735
3162717
3162729
3162717
3162707
3162718
3162705
3162684
3162688
3162988
3163669
3162985
3162993
3162661
3164228
3164232
3164236
3164232
3163761
3163232
3164737
3163726
3163233
3163187
3162971
3162650
3163391
3163165
3163335
3163350
3163836
3164224
3163075
3163126
3163038
3163058
3163019
3163018
3162921
3163164
3163161
3163044
3163518
3163517
3163182
3162841
3163864
3162896
3162890
3163918
3162808
3162806
3162822
3162805
3162798
3162818
3162815
3162819
3162813
3163840
3162823
3162820
3162818
3162815
3162816
3162816
3162821
3162824
3162831
3162812
3162830
3163902
3162856
3163899
3162815
3162819
3162816
3162807
3162802
3162815
3162823
3162820
3162820
3162817
3162822
3162822
3162824
3162816
3162815
3162807
3163176
3162819
3162826
3163167
3162825
3162807
3162822
3162806
3162809
3163399
3162810
3162805
3162804
3162804
3162809
3162812
3162803
3162858
3162803
3162802
3162805
3162805
3162805
3162807
3162802
3162820
3162801
3162801
3163177
3162802
3162807
3163398
3162801
3162809
3163400
3162841
3162796
3162804
3162799
3163398
3162804
3162803
3162822
3162797
3162797
3162802
3162799
3162807
3162799
3162798
3162805
3162802
3162798
3162802
3163167
3163402
3163137
3163140
3163400
3163134
3163890
3163892
3163417
3163887
3163889
3163077
3163080
3163093
3163933
3163933
3163090
3163932
3163081
3163070
3163044
3162893
3163021
3163080
3163071
3163017
3163365
3163044
3163665
3163045
3164027
3163851
3163955
3163409
3163391
3162995
3163548
3162874
3162993
3163379
3162960
3162998
3162995
3162992
3162966
3162995
3162972
3162996
3163973
3162991
3163973
3164074
3162986
3162994
3164075
3162989
3162971
3162975
3162971
3162974
3162994
3162983
3163170
3162957
3164177
3162983
3162951
3162954
3162953
3163964
3163969
3163956
3163551
3163545
3162762
3163552
3163549
3162760
3162866
3163123
3162028
3162986
3163995
3163834
3162009
3163835
3163835
3161997
3163830
3163835
3163007
3163831
3163994
3162937
3163991
3162996
3163834
3162996
3162988
3163012
3162998
3163824
3162954
3162948
3163029
3162952
3162955
3163006
3162951
3162995
3162951
3162954
3162954
3163008
3162951
3162952
3162952
3163023
3163020
3163016
3163019
3163024
3163015
3163019
3162909
3162911
3162910
3162910
3162909
3162909
3162908
3162909
3162897
3162910
3162910
3162910
3162910
3162914
3162909
3162908
3162910
3162910
3163914
3161964
3163976
3163025
3161989
3163004
3164295
3163125
3162883
3162885
3162881
3162881
3162884
3162885
3162888
3162886
3162883
3162880
3162883
3162877
3162887
3162879
3162885
3162879
3162882
3162882
3162881
3162885
3162885
3162867
3162883
3162887
3162881
3162872
3162875
3162878
3163942
3162968
3162920
3162918
3162920
3162920
3162901
3163015
3163942
3163818
3162900
3163136
3163041
3164799
3163037
3163031
3164751
3164772
3164776
3163933
3163931
3163931
3163927
3163926
3162846
3163976
3163451
3164004
3163880
3163924
3163883
3163342
3164041
3164015
3164401
3164403
3164430
3162768
3162671
3162674
3162667
3162661
3164461
3163135
3164686
3164694
3162714
3164732
3164729
3163951
3164670
3165038
3165038
3165037
3165046
3165042
3165044
3165041
3165043
3165043
3165041
3163952
3165041
3164789
3163436
3162701
3162703
3162699
3162729
3162684
3162714
3164003
3164003
3162713
3162696
3164580
3165169
3162433
3164033
3164029
3164620
3162658
3162622
3162621
3163295
3163279
3164063
3164064
3164998
3163282
3162593
3164054
3162498
3163482
3163496
3163492
3163500
3163484
3163478
3163484
3163482
3162548
3162544
3162586
3162555
3162558
3162519
3162512
3162699
3162524
3162513
3162526
3162520
3162517
3162519
3162519
3162507
3162511
3162538
3162505
3162518
3162526
3162515
3162515
3162539
3162514
3162519
3162508
3164486
3162523
3162509
3162510
3162512
3162506
3162511
3162521
3162512
3163279
3162523
3162505
3162502
3162523
3162523
3162739
3164023
3164967
3166107
3163271
3163277
3164051
3162141
3163387
3164028
3164032
3162877
3163090
3163998
3163998
3162332
3162864
3162859
3162861
3163990
3162860
3164057
3162849
3162852
3162871
3162846
3162846
3162846
3162845
3162845
3162869
3162845
3162869
3162847
3162863
3162841
3162849
3162865
3162868
3162855
3162854
3162849
3162853
3162870
3162854
3162877
3166602
3162902
3162890
3163100
3163097
3163101
3164054
3164616
3163042
3163863
3163877
3163877
3163888
3163843
3166469
3164078
3164046
3166574
3166573
3166574
3166574
3166567
3164124
3164113
3163881
3166564
3163883
3162893
3163907
3166577
3164010
3166568
3162893
3163975
3163876
3163896
3163890
3162702
3164009
3162703
3162689
3162699
3163967
3166511
3162899
3162689
3162701
3163766
3163941
3163938
3162687
3164130
3164176
3164198
3161702
3164130
3162894
3164203
3164176
3164239
3164049
3164237
3164238
3164240
3164176
3164175
3164175
3164243
3164177
3164176
3164175
3164177
3164174
3164174
3164173
3164244
3163716
3163085
3164095
3164189
3164547
3162323
3164171
3164176
3164173
3164176
3164176
3164174
3164179
3164175
3164178
3164147
3164178
3164129
3164122
3164123
3164158
3164126
3164160
3164137
3164141
3164148
3164136
3164146
3164150
3164126
3163570
3162738
3161512
3162273
3164154
3164750
3163156
3161086
3162725
3162658
3162956
3163076
3163078
3163081
3162431
3162583
3163574
3162572
3163076
3162353
3162576
3162519
3162060
3162515
3162509
3162501
3162499
3162501
3162498
3162501
3162501
3162501
3162499
3162501
3162502
3162502
3162500
3161986
3162565
3162562
3162561
3162563
3162563
3162563
3162564
3162561
3162561
3162564
3162563
3162560
3162562
3162565
3162562
3162558
3162558
3162566
3162563
3162562
3162381
3162430
3162431
3162441
3162422
3162421
3162424
3162412
3162511
3162413
3162413
3162413
3162415
3162414
3162411
3162411
3162410
3162421
3162424
3162521
3162521
3162521
3162422
3162415
3162518
3162521
3162520
3162524
3162422
3162523
3162429
3162519
3162513
3162521
3162522
3162417
3162523
3162521
3162523
3162424
3162527
3162435
3162441
3162466
3162520
3162523
3162521
3162520
3162518
3162539
3162514
3164312
3162535
3162440
3162441
3162530
3162527
3162531
3162525
3162524
3162525
3162532
3162529
3162526
3162527
3162529
3162529
3162526
3162522
3162530
3162518
3162531
3162517
3162516
3162519
3162515
3162515
3162518
3162512
3162514
3162516
3162527
3162515
3162515
3162515
3162515
3162515
3162509
3162511
3162511
3162510
3162515
3162530
3162517
3162514
3162513
3162508
3162513
3162518
3162442
3162509
3162599
3162512
3162506
3162506
3162508
3162508
3162508
3162513
3162515
3162508
3162428
3162513
3162514
3162516
3162513
3162513
3162510
3162510
3162515
3162428
3162512
3162512
3162515
3162509
3162514
3162521
3162510
3162512
3162517
3163373
3162512
3162511
3162492
3162510
3162515
3162446
3162562
3162571
3162573
3165496
3165517
3162574
3162457
3165497
3165497
3160896
3165497
3165494
3162591
3162588
3162465
3162461
3162462
3162439
3162373
3162373
3162373
3162373
3162372
3162374
3162458
3162377
3162375
3162452
3162448
3163807
3162433
3162433
3162572
3162572
3162571
3162412
3162365
3162569
3162364
3162364
3162364
3162399
3162570
3162366
3162366
3162561
3162575
3162571
3162571
3162573
3162569
3162343
3162442
3162343
3162506
3162342
3162215
3162365
3162229
3162413
3162400
3162402
3162409
3162395
3162400
3162400
3162399
3162402
3162396
3162399
3162398
3162397
3162400
3162400
3162400
3162396
3162398
3162401
3162402
3162399
3162404
3162433
3162534
3162405
3162389
3162407
3162407
3162556
3162560
3162565
3162560
3162562
3162567
3162562
3162555
3162557
3162559
3162562
3162559
3162558
3162558
3162559
3160349
3162156
3162141
3162201
3162165
3162438
3162431
3161939
3161933
3161940
3161939
3161939
3161939
3161937
3161942
3161930
3161935
3161930
3161937
3161934
3161942
3161942
3161942
3164579
3161936
3164580
3161934
3161944
3164580
3161934
3161934
3161939
3161939
3161935
3161940
3161933
3162418
3161944
3162418
3164581
3162424
3162396
3162443
3162380
3162376
3162372
3162377
3162365
3162376
3162378
3162370
3162047
3164631
3165360
3162082
3162311
3162067
3162311
3162084
3162070
3162062
3162062
3162061
3162050
3162061
3162061
3162061
3162059
3162394
3162064
3162064
3162506
3162248
3162250
3162250
3162176
3162102
3162059
3162475
3162469
3164631
3163661
3164952
3164641
3160084
3159327
3164719
3160077
3160068
3163986
3164005
3164038
3163998
3163994
3163993
3164012
3164017
3161659
3161190
3160873
3162260
3165304
3165308
3162546
3162544
3162543
3162547
3162542
3162546
3162545
3162544
3162549
3159840
3165271
3162281
3165560
3165560
3165561
3165558
3164454
3164885
3161491
3159923
3165121
3163465
3165607
3165605
3162403
3162703
3165607
3165368
3165604
3163147
3164744
3163130
3165337
3163301
3163250
3162348
3163292
3163285
3165194
3165175
3165178
3165170
3165100
3165182
3159496
3161037
3161043
3163034
3160965
3159707
3162167
3165196
3160436
3161237
3161992
3161722
3159187
3159767
3161406
3161929
3160294
3161267
3161167
3161165
3161424
3161314
3161316
3161211
3161210
3161211
3161214
3163115
3159852
3162073
3160429
3160431
3160445
3161633
3163439
3160453
3160454
3161042
3162060
3158797
3160635
3162496
3163208
3163189
3163082
3159578
3160304
3165353
3165355
3165340
3165350
3165387
3165387
3165356
3165361
3165363
3165353
3165355
3162879
3165351
3165341
3161328
3161326
3161318
3162965
3161322
3161323
3162892
3162933
3159734
3161173
3161005
3161078
3161075
3161072
3161073
3162805
3161738
3163180
3159050
3160978
3161001
3162511
3160999
3160998
3159386
3160706
3160622
3160622
3160622
3160619
3160622
3160593
3160623
3160620
3160622
3160619
3160624
3160620
3160623
3160577
3160577
3160582
3160578
3160830
3160577
3160579
3160581
3160581
3160578
3160580
3160579
3160973
3160578
3160539
3161020
3160575
3160583
3160576
3160575
3160375
3158577
3160800
3162690
3161900
3161889
3161895
3161899
3161898
3161919
3160906
3161867
3161865
3161854
3161870
3161870
3161855
3161863
3161866
3161864
3159499
3161743
3160837
3158771
3161667
3159185
3158624
3158625
3159687
3158669
3158400
3158664
3158402
3158397
3158399
3158402
3158397
3158670
3158664
3158661
3158660
3161682
3159624
3159401
3161738
3158202
3159229
3160224
3159070
3159068
3160871
3158139
3158036
3160674
3158729
3161145
3158537
3161168
3160923
3158476
3158474
3158477
3158474
3158475
3158477
3158471
3158476
3158476
3158476
3158476
3158473
3158478
3158477
3158477
3158477
3158477
3158461
3158478
3158478
3158475
3158478
3158479
3158443
3158476
3158478
3158452
3158452
3158451
3158453
3158453
3158456
3158451
3158452
3158452
3158466
3158436
3158452
3158438
3158438
3158438
3158439
3158442
3158436
3158439
3158437
3158437
3158437
3158437
3158439
3158447
3158438
3158436
3158471
3158438
3158473
3158474
3161177
3158462
3160953
3160958
3160955
3158653
3158462
3160956
3160956
3160952
3160953
3160941
3164770
3164768
3161143
3157362
3158806
3158809
3158803
3158802
3158801
3158805
3158804
3159000
3158807
3157247
3158806
3158806
3158805
3158807
3158809
3158807
3158816
3158808
3158772
3158806
3158806
3158803
3158809
3158808
3158770
3158807
3158810
3158807
3158809
3158809
3158809
3158770
3158802
3158805
3158804
3158806
3158801
3158808
3158806
3158808
3158819
3158765
3158765
3158767
3158815
3158817
3158797
3158765
3158800
3158757
3158759
3158800
3158689
3158810
3164603
3157936
3158810
3157879
3165202
3157780
3157762
3161675
3160961
3160959
3160961
3160966
3160963
3155334
3160979
3160950
3158704
3158701
3158703
3156842
3158702
3158703
3161698
3158303
3161599
3161601
3161602
3160978
3160977
3158838
3160029
3160663
3161153
3160849
3161017
3161144
3158860
3161017
3161144
3161705
3161047
3161052
3161055
3161152
3161051
3161051
3161051
3157738
3158737
3161161
3161154
3158753
3158809
3158806
3158803
3158795
3158791
3157422
3157424
3161054
3161024
3158286
3157107
3158149
3156926
3161131
3157866
3158789
3158991
3156080
3160828
3160286
3158753
3158187
3156508
3159956
3158767
3159902
3161426
3161421
3161422
3160226
3160224
3161434
3161445
3161450
3161461
3161481
3161452
3160309
3158807
3160687
3157755
3155847
3161394
3161407
3155802
3161389
3155689
3157723
3160481
3160162
3155097
3161750
3155596
3160523
3160290
3160289
3160318
3160314
3160315
3158794
3160020
3160020
3160021
3160211
3157496
3160062
3160157
3158790
3154697
3157739
3159946
3159995
3160910
3159957
3159949
3159928
3159928
3159918
3158788
3159752
3154703
3160104
3160002
3159223
3154725
3154732
3159676
3159709
3159987
3160113
3160649
3159843
3160651
3159790
3160646
3160647
3160649
3159982
3159983
3159644
3160640
3159982
3160635
3159980
3158455
3159809
3159627
3159694
3159656
3159694
3159716
3159699
3159662
3159636
3159672
3160673
3159667
3159628
3159668
3160051
3160055
3160328
3159729
3159680
3160049
3160328
3159366
3159378
3153595
3159682
3159752
3159368
3160117
3153592
3160115
3153590
3159751
3159630
3159738
3159730
3159623
3159637
3159630
3159638
3159725
3159642
3159641
3159636
3157732
3159695
3159642
3159642
3157735
3159638
3157735
3159774
3159705
3159662
3159660
3159791
3153604
3160060
3159686
3160056
3160311
3159765
3160037
3159974
3159980
3159697
3159837
3159685
3159812
3159871
3159736
3159980
3159716
3159968
3159729
3159933
3159943
3159943
3159942
3159475
3159475
3159542
3159540
3159539
3159537
3159537
3159637
3159151
3159692
3159154
3159152
3159157
3159678
3159152
3159156
3159159
3159156
3159158
3159158
3159155
3159160
3158878
3159156
3159608
3159716
3159708
3159711
3159707
3159711
3159647
3158882
3159710
3158881
3159706
3158892
3158880
3160332
3159319
3157055
3159711
3159684
3159716
3159151
3159649
3159647
3158762
3159647
3159677
3159684
3159063
3159681
3159644
3159219
3159157
3159263
3159259
3159270
3159212
3159247
3159211
3158939
3159242
3159240
3159251
3159248
3159258
3159241
3159222
3159222
3159233
3159243
3159243
3159230
3159227
3159221
3159216
3159133
3159310
3159169
3159186
3159167
3159212
3159186
3158404
3159120
3158411
3158412
3159159
3159155
3158418
3158436
3159136
3159225
3157648
3158301
3158297
3157646
3157643
3158293
3157640
3158453
3157595
3157753
3157248
3158242
3157985
3157245
3160103
3157124
3156974
3156880
3156900
3156900
3156897
3156897
3158049
3156902
3156885
3156894
3156891
3156889
3157105
3156886
3156660
3156661
3156659
3156656
3156658
3156660
3156660
3156660
3156662
3156660
3156663
3156667
3156661
3156661
3156661
3156661
3156745
3158628
3156778
3156773
3156786
3156754
3154142
3157100
3159049
3159067
3156802
3156793
3156736
3160589
3156996
3161154
3160599
3160599
3157114
3160596
3160594
3160569
3160600
3160591
3160585
3160594
3160602
3160593
3160608
3160604
3160604
3160590
3160605
3160601
3155181
3156686
3158928
3158927
3156572
3156572
3156570
3156566
3156581
3156569
3156568
3156570
3156570
3156573
3156568
3156570
3156572
3156569
3160650
3160650
3164215
3158586
3160331
3160335
3160331
3160333
3163623
3158845
3160315
3160308
3158851
3158847
3158844
3158848
3160305
3160309
3158851
3160303
3160909
3156976
3160256
3160258
3156440
3160493
3158446
3158920
3159954
3158751
3159146
3160078
3157338
3158992
3157297
3158250
3156337
3159969
3160437
3159956
3159962
3159945
3159953
3159955
3159945
3159999
3159948
3160008
3160004
3160011
3159997
3159998
3159998
3153347
3157826
3160702
3158081
3160193
3160197
3160187
3160214
3160142
3160187
3160145
3158976
3155827
3159268
3160337
3160515
3160509
3160494
3160538
3160284
3160298
3160215
3160212
3160217
3160360
3164583
3159017
3160489
3160475
3160477
3160480
3160473
3160484
3160482
3160476
3160475
3158220
3164516
3164524
3164542
3164518
3164524
3164508
3164533
3164483
3157720
3157916
3164481
3157751
3164477
3164478
3158940
3159047
3158452
3155857
3159022
3156494
3156532
3156534
3156524
3156521
3156530
3156523
3155349
3155348
3155350
3155352
3160069
3156444
3156443
3160051
3156436
3156276
3159225
3156428
3156313
3159175
3158917
3157948
3157357
3164490
3155167
3164489
3164492
3164496
3164496
3164496
3164501
3164484
3164486
3159706
3157325
3157943
3164441
3155382
3159388
3157236
3157236
3157236
3157236
3157236
3157205
3158649
3156588
3157569
3156575
3156579
3155696
3156577
3155698
3156581
3155699
3155698
3155695
3155697
3157078
3157158
3156679
3155726
3155726
3155726
3155723
3155725
3155729
3156678
3156675
3156682
3157619
3156679
3155729
3157530
3155758
3156898
3157647
3155902
3156764
3157618
3155827
3157613
3157717
3156884
3157822
3157826
3155525
3157821
3157820
3157830
3157813
3157814
3156633
3157825
3155922
3159087
3159697
3159694
3159697
3159696
3159695
3159703
3160001
3151506
3154793
3159055
3156598
3159612
3159602
3159626
3159597
3159597
3159586
3159591
3164408
3159658
3164402
3156855
3159956
3156115
3156083
3156148
3155454
3156122
3158276
3156746
3154525
3155954
3156461
3159301
3156512
3156485
3157214
3156640
3155816
3162653
3153907
3154561
3159001
3155479
3157970
3156005
3155999
3159640
3155227
3163258
3162957
3156407
3163378
3163369
3157906
3157237
3155351
3155348
3155347
3155350
3163316
3155352
3155344
3155349
3163314
3155351
3155350
3163313
3155349
3155351
3155348
3155348
3155350
3155350
3155350
3155353
3155354
3155353
3155351
3155352
3155346
3155346
3155349
3155351
3155356
3155350
3155347
3155348
3155103
3155371
3157186
3157182
3155372
3157185
3157185
3157183
3157184
3157183
3157186
3157182
3157186
3157185
3157181
3157187
3157183
3157181
3157183
3157171
3157191
3163623
3163627
3163626
3157409
3163588
3156909
3163593
3163555
3163597
3163592
3163604
3163598
3163567
3155141
3163602
3157209
3163576
3163612
3163615
3157219
3155085
3157210
3157210
3157198
3157219
3157204
3157198
3157209
3157211
3157202
3157207
3157200
3157199
3157197
3157219
3157897
3157174
3157900
3157899
3157892
3157898
3157897
3157896
3157898
3157898
3157898
3157894
3157905
3157893
3157893
3157890
3157898
3157900
3157900
3157893
3157890
3157895
3157895
3157898
3157893
3157899
3157896
3157896
3157900
3157901
3157899
3157900
3156368
3155648
3154883
3154884
3153309
3157920
3157922
3157921
3157921
3157921
3157923
3157922
3157922
3157922
3157922
3157918
3157920
3157919
3157921
3157918
3157808
3157807
3157805
3157808
3157806
3157807
3157809
3155108
3157855
3155111
3155122
3155120
3155120
3155119
3155094
3155096
3155095
3157798
3163524
3163728
3163726
3163749
3154729
3163730
3158164
3154889
3158036
3157950
3151765
3154887
3157930
3157927
3158053
3155164
3154762
3155222
3155232
3155218
3155236
3155228
3155231
3155165
3155169
3154804
3154808
3154803
3154806
3154805
3154800
3154804
3157833
3157833
3157833
3157833
3157835
3157835
3157831
3157834
3157836
3157835
3155202
3160304
3156163
3154694
3157468
3157371
3157371
3157366
3157370
3157375
3157370
3157370
3157367
3157374
3157371
3157368
3157368
3157368
3157366
3157294
3157299
3154574
3157294
3157215
3154612
3157276
3152654
3157526
3157066
3159978
3161988
3158478
3154092
3157145
3157470
3157049
3157473
3157200
3157203
3157203
3157209
3157214
3157218
3157176
3157223
3157051
3157184
3155142
3157191
3157190
3157191
3157193
3157223
3156612
3157194
3157194
3157187
3157190
3157068
3154076
3156054
3157302
3157114
3157306
3154282
3154490
3160133
3152585
3153794
3154418
3154419
3154420
3154415
3154423
3154415
3154415
3154417
3154414
3154416
3154416
3154422
3154413
3154409
3153911
3153889
3153497
3153473
3153473
3170305
3153458
3149880
3149877
3156963
3153527
3157744
3155962
3152065
3153601
3160569
3155930
3167150
3153898
3161119
3154509
3153274
3153862
3153861
3156498
3154229
3157012
3154557
3155713
3156961
3171486
3156226
3168351
3160109
3153347
3160971
3151525
3151520
3156041
3157023
3157023
3157022
3157024
3157023
3157020
3157026
3157029
3157035
3157033
3157033
3157043
3149678
3151357
3154099
3156983
3156983
3156952
3151303
3155086
3156880
3156901
3159880
3159886
3159893
3159889
3151886
3152599
3151317
3151316
3156858
3151314
3156862
3151317
3151316
3151314
3151314
3151314
3158237
3155546
3156568
3153366
3153875
3156614
3154890
3153853
3153395
3153389
3153225
3156721
3155970
3159078
3155774
3153418
3153415
3153420
3153422
3153418
3153419
3153422
3153471
3153447
3155530
3163176
3159025
3153641
3153644
3159338
3155877
3153513
3153544
3156429
3165741
3153866
3155358
3156671
3149346
3155717
3153246
3155499
3156394
3150688
3155724
3151869
3151866
3153247
3154122
3154124
3154128
3154128
3154129
3154128
3154131
3154129
3154133
3154132
3153174
3152961
3152962
3153123
3153146
3151174
3153138
3153130
3153125
3153118
3153128
3153127
3153129
3153126
3153126
3153121
3153130
3153122
3153121
3153116
3153145
3153147
3153160
3153145
3153141
3153142
3153144
3153156
3152949
3152949
3152949
3152947
3153143
3152947
3152949
3153136
3153148
3153151
3153122
3153153
3164583
3152699
3158089
3154412
3160310
3155715
3152624
3152623
3152623
3152623
3152622
3152622
3152749
3152722
3152676
3152694
3152700
3152584
3152496
3152496
3152516
3152470
3152472
3152468
3152465
3152466
3152464
3152458
3152460
3158857
3152461
3154941
3154941
3154939
3154939
3158703
3155029
3153663
3153275
3149227
3155307
3152959
3159290
3162938
3162934
3156428
3156300
3156349
3152553
3155188
3152553
3152718
3152557
3156274
3155395
3158903
3156269
3158896
3152508
3155579
3155100
3160091
3159881
3159869
3159790
3159818
3159773
3159767
3159783
3159898
3159773
3159775
3159776
3159903
3159900
3159895
3159896
3159895
3159933
3159971
3160023
3159250
3159252
3159257
3159237
3159239
3159238
3160034
3159593
3159738
3159105
3159104
3160120
3157133
3158189
3152432
3165800
3165810
3165805
3165807
3160197
3165806
3165818
3165817
3165819
3165830
3162856
3159408
3160219
3152786
3155048
3152736
3152777
3153652
3155005
3156059
3152559
3155479
3157693
3157693
3157694
3153133
3153141
3153121
3153127
3153123
3155864
3153113
3155177
3153124
3155887
3155797
3153670
3153674
3155905
3154928
3154925
3154928
3154928
3165527
3154926
3157908
3153096
3153125
3158005
3158316
3158172
3158300
3152102
3155101
3153772
3153774
3154895
3158998
3153791
3158603
3155304
3159182
3158628
3158618
3158615
3158617
3153661
3153141
3160096
3160094
3160096
3160087
3160790
3155290
3155294
3155291
3155289
3154915
3155493
3155138
3155688
3159070
3155021
3155461
3155288
3155289
3155288
3155285
3155290
3155240
3158221
3155806
3164254
3164257
3154856
3154486
3154753
3164443
3153914
3154751
3165483
3165472
3165472
3164410
3155125
3155541
3155126
3155122
3155124
3154839
3152332
3159089
3151767
3159090
3159097
3159058
3159091
3159063
3159090
3159052
3159017
3152549
3153218
3154841
3155219
3159048
3154992
3158235
3155132
3153620
3164026
3152462
3152269
3152270
3164324
3152268
3152268
3152268
3152271
3152267
3164466
3164467
3155482
3155018
3152250
3154837
3152248
3152252
3155041
3154734
3154781
3154980
3154968
3151375
3155132
3160924
3154838
3154837
3154837
3154759
3158850
3158848
3158997
3159004
3158989
3159096
3154918
3154818
3153635
3158699
3154684
3154635
3159630
3154536
3155164
3154593
3155002
3154651
3155651
3155650
3155643
3154986
3155646
3155651
3155648
3155022
3155027
3155018
3155025
3155011
3155518
3155017
3155042
3155587
3154934
3154937
3154505
3154501
3154502
3154501
3154503
3154499
3154501
3154498
3165173
3159256
3159254
3159255
3157893
3159335
3159711
3150981
3159400
3159404
3159398
3154865
3154870
3154341
3159289
3154342
3165359
3165361
3165351
3165317
3165358
3165351
3165341
3165340
3165353
3165475
3165468
3154559
3159170
3155987
3153601
3159030
3155450
3154239
3154236
3154237
3154235
3154238
3154235
3154235
3154235
3154234
3154234
3154239
3154234
3154234
3154234
3155446
3154235
3154229
3154235
3154240
3154237
3154234
3154234
3154236
3154232
3159041
3159054
3159045
3159021
3159021
3162122
3154050
3153932
3157725
3154067
3160911
3158777
3150589
3157015
3157152
3153299
3155457
3156491
3156493
3156499
3153899
3153196
3150145
3158443
3150109
3149855
3150455
3158205
3154028
3158129
3158156
3158168
3158169
3158169
3156322
3153185
3158061
3158117
3158098
3158099
3158024
3158014
3158016
3158024
3158024
3158024
3158018
3158009
3158024
3158014
3158019
3158083
3158076
3158064
3158063
3158078
3158069
3158063
3158072
3158061
3158083
3158082
3158010
3149722
3154667
3156733
3157903
3157911
3157905
3157919
3154078
3157924
3150149
3150205
3150211
3150198
3150200
3150197
3157859
3150197
3150192
3150195
3150196
3150191
3153317
3157728
3157724
3161391
3149514
3157549
3154132
3149693
3153549
3157262
3149367
3157180
3157007
3150032
3150033
3150026
3150033
3150046
3150042
3150041
3150057
3150148
3150144
3157945
3150194
3150196
3150205
3150729
3150107
3150105
3150732
3150733
3150195
3149559
3150119
3150237
3154218
3150739
3149595
3149592
3154266
3156043
3154265
3154289
3154290
3154201
3154153
3154283
3154283
3154282
3154287
3154288
3154280
3161407
3157432
3149905
3161077
3150956
3150961
3150947
3150959
3158224
3153401
3154160
3154160
3150275
3152703
3157536
3157494
3154187
3157593
3157593
3157598
3157580
3157590
3157595
3157594
3157567
3154194
3152986
3152159
3152097
3154058
3154059
3154054
3152488
3154150
3154146
3154145
3154138
3150454
3154100
3152471
3152470
3154118
3154085
3152372
3150824
3150825
3151825
3154016
3154142
3154022
3150596
3150604
3153702
3151734
3153965
3153927
3153943
3156051
3151345
3153681
3154783
3158033
3158039
3158030
3158047
3158052
3158087
3158061
3155583
3158019
3158046
3158046
3155571
3155900
3151342
3154338
3154395
3154413
3154290
3154290
3157963
3152293
3150517
3154626
3150515
3150511
3158101
3153131
3158144
3150879
3158238
3159846
3152665
3158278
3155051
3159867
3159871
3159873
3156131
3159868
3158270
3159864
3159850
3159852
3158485
3157093
3158521
3155394
3159815
3159854
3159843
3159846
3159848
3159850
3159846
3150102
3157109
3150604
3157075
3154426
3158275
3155238
3155237
3155536
3155521
3155241
3155245
3155447
3158207
3158216
3150617
3158207
3150618
3158038
3151962
3157841
3155576
3155579
3155577
3155577
3155587
3155576
3155577
3155581
3151057
3158280
3158156
3158251
3158283
3158225
3158875
3155535
3155533
3158857
3158818
3150547
3158824
3150596
3150621
3150636
3150628
3155233
3150714
3150633
3150635
3150633
3150632
3150638
3150632
3150637
3150631
3150669
3150636
3150634
3150667
3150668
3150636
3150670
3150632
3150666
3150641
3150672
3150635
3150632
3150624
3150630
3150630
3150639
3150635
3150637
3150635
3150619
3150636
3150624
3150626
3150632
3150370
3150261
3150259
3150260
3150259
3158198
3158400
3152106
3158046
3158002
3157964
3158017
3157961
3154550
3154568
3154555
3154557
3154556
3154546
3154556
3154556
3154553
3154553
3154554
3157993
3157999
3152317
3153602
3153584
3153582
