-4720065
-4720078
-4720708
-4718302
-4718294
-4719410
-4717856
-4718924
-4718910
-4718909
-4718908
-4718910
-4718909
-4718885
-4718878
-4718881
-4717982
-4718860
-4718854
-4718025
-4718021
-4718023
-4718029
-4718025
-4718034
-4717996
-4718066
-4718105
-4718100
-4718095
-4718099
-4718099
-4718100
-4718098
-4718098
-4718105
-4718094
-4718101
-4718095
-4718096
-4718102
-4718096
-4718096
-4718098
-4718108
-4718095
-4718100
-4718098
-4718098
-4718107
-4718101
-4718076
-4718096
-4718103
-4718099
-4718098
-4718099
-4718098
-4718098
-4718098
-4718101
-4718099
-4718099
-4718099
-4718099
-4718098
-4718068
-4718097
-4718098
-4718098
-4718095
-4718066
-4718066
-4718066
-4718641
-4718627
-4718623
-4718610
-4718612
-4718610
-4718607
-4718602
-4718609
-4718585
-4718536
-4718532
-4718527
-4718511
-4718517
-4718510
-4717549
-4717452
-4716856
-4717618
-4717622
-4717617
-4717584
-4718041
-4717581
-4716401
-4716165
-4716701
-4717678
-4717672
-4717671
-4716840
-4716605
-4716818
-4717135
-4716839
-4717097
-4716232
-4717084
-4716537
-4716538
-4716538
-4716536
-4716883
-4716514
-4716201
-4715962
-4716324
-4715903
-4715825
-4715823
-4715823
-4715823
-4715823
-4715816
-4715823
-4715822
-4715838
-4715838
-4715821
-4715815
-4715818
-4715817
-4715817
-4715814
-4715815
-4715816
-4715813
-4715813
-4715812
-4715811
-4715810
-4715810
-4715808
-4715808
-4715808
-4715808
-4715806
-4715784
-4716205
-4716248
-4715672
-4715670
-4715689
-4715863
-4715627
-4715565
-4715571
-4715418
-4715507
-4715505
-4715505
-4715504
-4715504
-4715400
-4715491
-4715490
-4715486
-4715420
-4715421
-4715420
-4715419
-4715420
-4715417
-4715417
-4715416
-4715445
-4715437
-4715441
-4715415
-4715377
-4715112
-4715113
-4715115
-4715399
-4715109
-4715111
-4715107
-4715107
-4715108
-4715108
-4715106
-4715106
-4715106
-4715105
-4715107
-4715107
-4715107
-4715106
-4715106
-4715102
-4715106
-4715105
-4715105
-4715105
-4715104
-4715102
-4715101
-4715102
-4715102
-4715105
-4715102
-4715099
-4715076
-4715095
-4715293
-4715306
-4715306
-4715214
-4715348
-4715269
-4715266
-4715385
-4715699
-4717004
-4715105
-4715674
-4715673
-4715669
-4715628
-4715626
-4715626
-4715625
-4715624
-4715625
-4715623
-4715623
-4715622
-4715083
-4715353
-4715353
-4715350
-4715350
-4715349
-4715349
-4715648
-4715342
-4715342
-4715292
-4715343
-4715342
-4715342
-4715342
-4715339
-4715341
-4715340
-4715340
-4715340
-4715340
-4715341
-4715340
-4715338
-4715339
-4715339
-4715338
-4715339
-4715337
-4715336
-4715330
-4715330
-4715328
-4715730
-4715730
-4715726
-4715721
-4715727
-4715719
-4715721
-4715722
-4715718
-4715722
-4715729
-4715721
-4715585
-4715292
-4715584
-4715578
-4715695
-4715022
-4715019
-4715013
-4715009
-4715149
-4715343
-4714695
-4715125
-4715333
-4715333
-4715417
-4715552
-4715230
-4715323
-4715241
-4715220
-4714997
-4714822
-4715310
-4715279
-4715308
-4715298
-4715300
-4715286
-4715311
-4715205
-4715204
-4715253
-4715040
-4715036
-4715151
-4715270
-4714831
-4715242
-4715244
-4714792
-4715261
-4715260
-4715253
-4715260
-4715261
-4715252
-4715253
-4715250
-4715252
-4714814
-4715247
-4715248
-4715248
-4715249
-4715247
-4715245
-4715243
-4715241
-4715238
-4715244
-4715235
-4714775
-4715219
-4714774
-4715235
-4715232
-4715233
-4715236
-4715238
-4715233
-4715229
-4715230
-4715230
-4715231
-4715229
-4715229
-4715228
-4715231
-4715230
-4715234
-4715076
-4715228
-4715224
-4715079
-4715225
-4715232
-4715225
-4715232
-4715231
-4714979
-4715229
-4715232
-4715232
-4715231
-4715229
-4715228
-4715231
-4715208
-4715231
-4715231
-4715230
-4715230
-4715230
-4715228
-4715231
-4715223
-4715231
-4715230
-4715070
-4715229
-4715226
-4714974
-4715229
-4715225
-4714973
-4715210
-4715229
-4715226
-4715228
-4714972
-4715226
-4715225
-4715217
-4715227
-4715227
-4715225
-4715226
-4715223
-4715226
-4715226
-4715222
-4715223
-4715224
-4715221
-4715065
-4714963
-4715076
-4715073
-4714961
-4715065
-4714734
-4714732
-4714934
-4714733
-4714731
-4715076
-4715061
-4715051
-4714691
-4714691
-4715050
-4714691
-4715053
-4715056
-4715066
-4715129
-4715073
-4715047
-4715048
-4715070
-4714921
-4715052
-4714787
-4715050
-4714628
-4714698
-4714650
-4714876
-4714883
-4715045
-4714809
-4715096
-4715044
-4714879
-4715056
-4715040
-4715041
-4715042
-4715050
-4715037
-4715046
-4715035
-4714617
-4715036
-4714618
-4714573
-4715036
-4715032
-4714571
-4715033
-4715040
-4715035
-4715036
-4715033
-4715023
-4715026
-4714945
-4715035
-4714514
-4715021
-4715030
-4715027
-4715026
-4714583
-4714581
-4714579
-4714727
-4714729
-4715062
-4714725
-4714726
-4715061
-4715015
-4714897
-4715356
-4714947
-4714515
-4714584
-4715361
-4714580
-4714580
-4715363
-4714581
-4714578
-4714931
-4714579
-4714509
-4714960
-4714510
-4714934
-4714576
-4714932
-4714936
-4714925
-4714929
-4714575
-4714945
-4714947
-4714913
-4714945
-4714944
-4714921
-4714944
-4714924
-4714942
-4714941
-4714941
-4714918
-4714942
-4714941
-4714941
-4714909
-4714908
-4714909
-4714907
-4714905
-4714908
-4714905
-4714946
-4714944
-4714944
-4714944
-4714944
-4714944
-4714944
-4714944
-4714948
-4714942
-4714942
-4714942
-4714942
-4714939
-4714941
-4714941
-4714940
-4714940
-4714511
-4715339
-4714478
-4714873
-4715309
-4714873
-4714320
-4714814
-4714902
-4714899
-4714900
-4714898
-4714896
-4714895
-4714893
-4714893
-4714894
-4714895
-4714894
-4714896
-4714891
-4714895
-4714892
-4714895
-4714892
-4714892
-4714891
-4714889
-4714889
-4714895
-4714888
-4714885
-4714887
-4714891
-4714889
-4714881
-4714426
-4714839
-4714856
-4714855
-4714854
-4714854
-4714862
-4714813
-4714412
-4714442
-4714830
-4714716
-4714753
-4714002
-4714746
-4714748
-4714007
-4713994
-4713991
-4714346
-4714343
-4714343
-4714342
-4714337
-4714789
-4714307
-4714530
-4714284
-4714329
-4714308
-4714325
-4714547
-4714245
-4714244
-4714054
-4714053
-4714029
-4714720
-4714719
-4714712
-4714714
-4714716
-4713943
-4714484
-4713813
-4713802
-4714641
-4713759
-4713760
-4714077
-4713761
-4713601
-4713601
-4713601
-4713596
-4713597
-4713596
-4713597
-4713595
-4713595
-4713595
-4714058
-4713593
-4713699
-4714275
-4714587
-4714574
-4714575
-4714562
-4714580
-4714563
-4714004
-4714000
-4714543
-4714540
-4713727
-4713476
-4714631
-4713947
-4713946
-4713690
-4714497
-4714488
-4714485
-4714185
-4714184
-4713849
-4713847
-4713443
-4714171
-4714455
-4713829
-4714488
-4714066
-4714051
-4714050
-4714044
-4714049
-4714050
-4714047
-4714045
-4714424
-4714425
-4714405
-4714416
-4714415
-4714421
-4714423
-4714342
-4714416
-4714421
-4714415
-4714417
-4714418
-4714417
-4714417
-4714421
-4714419
-4714407
-4714421
-4714415
-4714411
-4714416
-4714416
-4714405
-4714416
-4714413
-4714418
-4713574
-4714410
-4714416
-4714414
-4714413
-4714415
-4714412
-4714408
-4714411
-4714083
-4714404
-4714411
-4714412
-4714402
-4714402
-4714306
-4713750
-4713334
-4712823
-4714025
-4714021
-4713665
-4714443
-4713911
-4713632
-4713606
-4714092
-4713984
-4713583
-4713580
-4714281
-4714039
-4714039
-4714038
-4713555
-4714030
-4713500
-4714009
-4714002
-4713993
-4714004
-4714004
-4714003
-4714003
-4714003
-4713993
-4714003
-4713993
-4714002
-4713995
-4714004
-4714001
-4713993
-4713992
-4713997
-4713997
-4713999
-4713996
-4713989
-4713994
-4713975
-4712375
-4713941
-4713938
-4713797
-4713796
-4713793
-4713366
-4713119
-4713787
-4713432
-4713422
-4713414
-4713408
-4713422
-4712299
-4713318
-4713326
-4712245
-4712245
-4712243
-4712243
-4712245
-4713286
-4713291
-4713389
-4712244
-4713386
-4713807
-4713374
-4712234
-4713329
-4712238
-4713805
-4713342
-4713384
-4713374
-4713374
-4713879
-4713321
-4713877
-4713881
-4713876
-4713334
-4712248
-4713787
-4713875
-4713868
-4713412
-4713336
-4713337
-4713868
-4713248
-4713229
-4713201
-4714265
-4713226
-4713748
-4713175
-4713181
-4713152
-4713232
-4713146
-4713144
-4713143
-4713169
-4713168
-4713168
-4713139
-4713167
-4713167
-4713166
-4713165
-4713166
-4713166
-4713164
-4713126
-4713323
-4713586
-4713141
-4713089
-4712926
-4713842
-4713005
-4713002
-4713003
-4713002
-4713002
-4713002
-4712999
-4713000
-4712999
-4713011
-4712997
-4713012
-4713012
-4713010
-4712995
-4713009
-4712993
-4713002
-4712998
-4712994
-4712998
-4712991
-4712988
-4712967
-4713127
-4713461
-4713932
-4713600
-4712732
-4712459
-4713103
-4713922
-4713148
-4713078
-4712945
-4712876
-4712875
-4712874
-4713138
-4713027
-4712588
-4713002
-4712783
-4713081
-4712968
-4712990
-4713179
-4712977
-4712979
-4712979
-4712978
-4712977
-4712978
-4712977
-4712977
-4712977
-4712976
-4712975
-4712973
-4712973
-4712972
-4713172
-4712903
-4712904
-4712904
-4712902
-4712902
-4712902
-4712901
-4712902
-4712902
-4712900
-4712900
-4712901
-4712900
-4712899
-4712900
-4712901
-4712901
-4712897
-4712898
-4712898
-4712946
-4712923
-4712920
-4712915
-4712915
-4712915
-4712912
-4712916
-4712873
-4712914
-4712914
-4712914
-4712913
-4712913
-4712914
-4712914
-4712913
-4712905
-4712904
-4712860
-4712859
-4712859
-4712901
-4712903
-4712859
-4712858
-4712857
-4712855
-4712897
-4712854
-4712893
-4712855
-4712857
-4712854
-4712852
-4712896
-4712850
-4712850
-4712848
-4712890
-4712844
-4712881
-4712877
-4712865
-4712841
-4712839
-4712840
-4712839
-4712839
-4712829
-4712839
-4712073
-4712830
-4712871
-4712867
-4712825
-4712826
-4712823
-4712825
-4712823
-4712821
-4712815
-4712816
-4712817
-4712816
-4712814
-4712814
-4712815
-4712817
-4712813
-4712817
-4712811
-4712816
-4712816
-4712815
-4712816
-4712816
-4712815
-4712817
-4712816
-4712814
-4712810
-4712814
-4712814
-4712814
-4712814
-4712814
-4712816
-4712815
-4712815
-4712815
-4712812
-4712805
-4712810
-4712812
-4712812
-4712813
-4712811
-4712809
-4712841
-4712812
-4712774
-4712811
-4712813
-4712813
-4712812
-4712812
-4712812
-4712809
-4712808
-4712810
-4712843
-4712808
-4712806
-4712805
-4712806
-4712806
-4712807
-4712807
-4712804
-4712841
-4712805
-4712805
-4712804
-4712806
-4712804
-4712800
-4712805
-4712803
-4712801
-4712436
-4712803
-4712803
-4712811
-4712803
-4712800
-4712819
-4712767
-4712747
-4712746
-4711498
-4711485
-4712737
-4712785
-4711488
-4711488
-4713448
-4711484
-4711485
-4712712
-4712709
-4712759
-4712760
-4712758
-4712767
-4712795
-4712795
-4712793
-4712793
-4712793
-4712791
-4712753
-4712788
-4712788
-4712755
-4712746
-4712163
-4712746
-4712744
-4712684
-4712684
-4712684
-4712751
-4712771
-4712684
-4712771
-4712771
-4712771
-4712755
-4712682
-4712769
-4712769
-4712685
-4712679
-4712680
-4712680
-4712679
-4712678
-4712772
-4712728
-4712770
-4712700
-4712770
-4712823
-4712759
-4712813
-4712730
-4712736
-4712734
-4712730
-4712736
-4712734
-4712734
-4712733
-4712732
-4712734
-4712733
-4712733
-4712733
-4712732
-4712732
-4712732
-4712733
-4712731
-4712730
-4712728
-4712729
-4712727
-4712710
-4712667
-4712721
-4712728
-4712720
-4712720
-4712656
-4712653
-4712651
-4712651
-4712650
-4712647
-4712650
-4712651
-4712650
-4712649
-4712648
-4712649
-4712649
-4712647
-4712645
-4713582
-4712813
-4712818
-4712793
-4712798
-4712680
-4712678
-4712876
-4712878
-4712874
-4712874
-4712874
-4712874
-4712875
-4712873
-4712877
-4712873
-4712875
-4712872
-4712873
-4712865
-4712865
-4712865
-4711737
-4712863
-4711735
-4712863
-4712858
-4711733
-4712861
-4712861
-4712858
-4712858
-4712859
-4712857
-4712859
-4712652
-4712852
-4712646
-4711724
-4712642
-4712637
-4712608
-4712625
-4712625
-4712616
-4712614
-4712618
-4712614
-4712612
-4712613
-4712746
-4711644
-4711306
-4712703
-4712604
-4712704
-4712600
-4712696
-4712701
-4712701
-4712701
-4712701
-4712705
-4712701
-4712701
-4712701
-4712700
-4712557
-4712698
-4712697
-4712494
-4712594
-4712593
-4712593
-4712593
-4712598
-4712609
-4712427
-4712429
-4711487
-4711785
-4711230
-4711347
-4713256
-4713545
-4711246
-4713196
-4713197
-4711513
-4711457
-4711435
-4711447
-4711441
-4711437
-4711405
-4711375
-4712371
-4712564
-4712665
-4712052
-4710742
-4710739
-4711901
-4711900
-4711900
-4711897
-4711899
-4711897
-4711897
-4711896
-4711894
-4713043
-4710722
-4711985
-4710545
-4710541
-4710538
-4710539
-4710981
-4710796
-4712241
-4712903
-4710659
-4711333
-4710415
-4710412
-4711772
-4711637
-4710373
-4710465
-4710354
-4711394
-4710710
-4711395
-4710417
-4711281
-4711260
-4711597
-4711156
-4711158
-4710230
-4710225
-4710224
-4710225
-4710230
-4710189
-4712579
-4711859
-4711855
-4710965
-4711841
-4712367
-4711165
-4709821
-4711770
-4711417
-4710900
-4710975
-4711952
-4711653
-4710930
-4710700
-4711329
-4710893
-4710922
-4710921
-4710732
-4710731
-4710727
-4710745
-4710743
-4710741
-4710740
-4709914
-4711165
-4710159
-4710850
-4710826
-4710816
-4710308
-4709538
-4710805
-4710802
-4710529
-4710034
-4711337
-4710539
-4709727
-4709413
-4709355
-4709383
-4710840
-4710518
-4708363
-4708357
-4708359
-4708337
-4708317
-4708308
-4708312
-4708308
-4708304
-4708307
-4708306
-4709361
-4708307
-4708300
-4710006
-4710004
-4710002
-4709300
-4709995
-4709989
-4709305
-4709260
-4710617
-4709942
-4709996
-4709935
-4709932
-4709933
-4709929
-4709192
-4709605
-4708896
-4710650
-4709764
-4709735
-4709091
-4709732
-4709732
-4710395
-4709806
-4709823
-4709823
-4709823
-4709824
-4709822
-4709834
-4709821
-4709822
-4709820
-4709821
-4709819
-4709820
-4709817
-4709835
-4709835
-4709832
-4709833
-4709725
-4709833
-4709831
-4709830
-4709830
-4709831
-4709830
-4709829
-4709661
-4709827
-4709843
-4709624
-4709804
-4709797
-4709799
-4709794
-4709867
-4710626
-4709680
-4708837
-4709132
-4709135
-4709131
-4709126
-4709126
-4709107
-4709492
-4709055
-4709056
-4709059
-4709052
-4709052
-4709057
-4709054
-4709052
-4709052
-4710048
-4708964
-4709342
-4710214
-4708947
-4710000
-4710231
-4710227
-4709771
-4710203
-4710316
-4710204
-4710313
-4710315
-4710314
-4710312
-4710311
-4710194
-4710196
-4710195
-4710192
-4708904
-4709770
-4709824
-4708827
-4710250
-4709795
-4709361
-4709814
-4709812
-4709019
-4710157
-4710184
-4709053
-4709785
-4708717
-4709823
-4708690
-4708792
-4709829
-4709827
-4709825
-4709826
-4709825
-4709823
-4709826
-4709823
-4709823
-4709823
-4709823
-4709824
-4709822
-4709822
-4709821
-4709821
-4709819
-4709826
-4709818
-4709818
-4709819
-4709818
-4709816
-4709831
-4709817
-4709816
-4709826
-4709825
-4709825
-4709824
-4709824
-4709823
-4709825
-4709824
-4709823
-4709816
-4709829
-4709822
-4709827
-4709827
-4709827
-4709826
-4709825
-4709827
-4709825
-4709825
-4709825
-4709825
-4709825
-4709824
-4709820
-4709824
-4709825
-4709809
-4709823
-4709808
-4709807
-4708656
-4709811
-4708748
-4708744
-4708745
-4709724
-4709805
-4708744
-4708741
-4708740
-4708734
-4708739
-4707108
-4707108
-4708651
-4710251
-4709603
-4709601
-4709602
-4709602
-4709602
-4709599
-4709597
-4709510
-4709590
-4710254
-4709590
-4709590
-4709589
-4709588
-4709587
-4709588
-4709583
-4709586
-4709601
-4709586
-4709586
-4709587
-4709584
-4709585
-4709600
-4709584
-4709583
-4709584
-4709583
-4709583
-4709583
-4709599
-4709585
-4709583
-4709583
-4709582
-4709584
-4709580
-4709582
-4709579
-4709572
-4709595
-4709595
-4709594
-4709573
-4709571
-4709579
-4709591
-4709576
-4709587
-4709585
-4709567
-4709610
-4709556
-4707073
-4709905
-4709529
-4709900
-4706759
-4709888
-4709882
-4708175
-4708471
-4708469
-4708467
-4708465
-4708464
-4710853
-4708453
-4708460
-4709408
-4709407
-4709404
-4710194
-4709403
-4709402
-4708085
-4709481
-4708053
-4708052
-4708048
-4708308
-4708303
-4709212
-4708663
-4708387
-4708172
-4708290
-4708216
-4708160
-4709130
-4708212
-4708157
-4707895
-4708174
-4708169
-4708168
-4708126
-4708169
-4708167
-4708165
-4709571
-4709146
-4708111
-4708113
-4709117
-4709089
-4709086
-4709085
-4709086
-4709083
-4709644
-4709643
-4708075
-4708055
-4709206
-4709620
-4709112
-4709624
-4707832
-4709207
-4708805
-4708654
-4709873
-4707847
-4708027
-4708621
-4708824
-4709442
-4707936
-4708421
-4707924
-4707255
-4707250
-4707242
-4707740
-4707740
-4707214
-4707207
-4707201
-4707197
-4707186
-4707191
-4707667
-4708292
-4707482
-4708725
-4709529
-4707152
-4707138
-4709513
-4707131
-4709546
-4708676
-4707496
-4707586
-4709717
-4706867
-4709440
-4707345
-4707433
-4707427
-4707403
-4707404
-4707401
-4708030
-4707496
-4707495
-4707494
-4707401
-4708527
-4707419
-4707369
-4707898
-4709629
-4708296
-4707328
-4707306
-4706914
-4707292
-4707282
-4707275
-4707273
-4707276
-4707715
-4707301
-4709445
-4707126
-4707169
-4707492
-4709388
-4709372
-4707260
-4707237
-4707105
-4707050
-4706818
-4707160
-4706810
-4707176
-4706810
-4706809
-4706808
-4707087
-4707086
-4707229
-4706805
-4707084
-4706805
-4707081
-4707729
-4707144
-4707212
-4707183
-4707197
-4707180
-4707169
-4707176
-4707187
-4707197
-4707180
-4706754
-4707180
-4707196
-4707179
-4707015
-4707010
-4706893
-4707147
-4707166
-4707008
-4706887
-4707287
-4707281
-4709733
-4707145
-4707115
-4707278
-4706958
-4709728
-4706955
-4709725
-4707107
-4707154
-4707105
-4707106
-4707151
-4707143
-4707145
-4707138
-4707101
-4707135
-4707135
-4707137
-4707946
-4707111
-4707133
-4707133
-4707943
-4707134
-4707940
-4707070
-4707099
-4707109
-4707107
-4707049
-4709678
-4706933
-4707091
-4706921
-4706808
-4707040
-4706919
-4706936
-4706922
-4707043
-4706980
-4707041
-4706986
-4706959
-4707015
-4706910
-4707019
-4706911
-4707011
-4706918
-4706909
-4706907
-4706905
-4707082
-4707079
-4707039
-4707039
-4707038
-4707038
-4707038
-4706983
-4707167
-4706936
-4707163
-4707163
-4707161
-4706938
-4707161
-4707158
-4707155
-4707156
-4707155
-4707155
-4707154
-4707151
-4707270
-4707150
-4706958
-4706901
-4706901
-4706898
-4706899
-4706896
-4706922
-4707248
-4706894
-4707246
-4706895
-4707241
-4707245
-4706626
-4707057
-4708018
-4706888
-4706900
-4706886
-4707115
-4706903
-4706903
-4707277
-4706899
-4706886
-4706882
-4707146
-4706881
-4706894
-4707072
-4707095
-4707050
-4707049
-4707042
-4707066
-4707049
-4707062
-4707176
-4707043
-4707043
-4707036
-4707037
-4707032
-4707039
-4707047
-4707047
-4707041
-4707036
-4707036
-4707036
-4707035
-4707037
-4707039
-4707072
-4706991
-4707045
-4707032
-4707040
-4707020
-4707030
-4707363
-4707058
-4707357
-4707351
-4707032
-4707033
-4707343
-4707331
-4707031
-4706993
-4707663
-4707385
-4707385
-4707660
-4707661
-4707383
-4707658
-4707308
-4707664
-4707582
-4707791
-4707365
-4707471
-4707784
-4706531
-4707712
-4707773
-4707810
-4707797
-4707797
-4707798
-4707798
-4707307
-4707793
-4707800
-4707795
-4707795
-4707795
-4707700
-4707788
-4707882
-4707879
-4707878
-4707879
-4707878
-4707876
-4707876
-4707876
-4707875
-4707875
-4707873
-4707871
-4707873
-4707873
-4707871
-4707871
-4707823
-4707020
-4707801
-4707804
-4707797
-4707810
-4708915
-4707647
-4706818
-4706808
-4707765
-4707766
-4707780
-4706127
-4707653
-4705884
-4706118
-4706116
-4707597
-4706117
-4706114
-4706123
-4706102
-4706104
-4706106
-4706093
-4706081
-4706084
-4706073
-4706074
-4706074
-4706079
-4706072
-4706073
-4708359
-4707720
-4706734
-4706734
-4707719
-4707719
-4707718
-4707719
-4707711
-4707716
-4707716
-4707714
-4707714
-4707713
-4707713
-4707712
-4707711
-4707710
-4705973
-4705973
-4704447
-4706838
-4706090
-4706088
-4706088
-4706087
-4704684
-4706705
-4706079
-4706081
-4706701
-4706702
-4706702
-4706700
-4706080
-4706078
-4706697
-4706078
-4705793
-4707464
-4706032
-4706029
-4707643
-4705890
-4706758
-4706523
-4706047
-4706553
-4706382
-4705943
-4707088
-4706369
-4707086
-4706655
-4707385
-4705836
-4705637
-4705834
-4705828
-4705834
-4705831
-4705830
-4705833
-4705810
-4705830
-4705804
-4705805
-4705801
-4705807
-4705805
-4705803
-4708607
-4706665
-4705416
-4706527
-4705584
-4705572
-4705571
-4705557
-4705587
-4705563
-4705580
-4706016
-4707340
-4705863
-4705337
-4705252
-4705254
-4705241
-4705203
-4705273
-4705259
-4705266
-4705267
-4705265
-4705193
-4703376
-4705738
-4705109
-4705115
-4705114
-4705112
-4705114
-4705108
-4705107
-4705109
-4705107
-4706033
-4703342
-4703331
-4703320
-4703331
-4703327
-4703332
-4703312
-4703303
-4706141
-4706048
-4703254
-4706113
-4703247
-4703246
-4705599
-4705550
-4705794
-4706892
-4705531
-4706592
-4706556
-4706555
-4706554
-4706555
-4706549
-4706551
-4707049
-4707049
-4707044
-4707042
-4705025
-4706535
-4706529
-4704990
-4706522
-4706575
-4705316
-4706488
-4706452
-4705204
-4705302
-4705675
-4705908
-4702823
-4706781
-4702813
-4702812
-4702809
-4702807
-4702807
-4702805
-4702809
-4702808
-4704808
-4705767
-4705479
-4702703
-4706510
-4704769
-4705681
-4705681
-4705679
-4705679
-4705677
-4705641
-4704932
-4705767
-4705340
-4705761
-4705759
-4706133
-4705758
-4706131
-4705755
-4706130
-4706123
-4706125
-4706123
-4705527
-4705486
-4705672
-4706055
-4706053
-4706051
-4706050
-4706044
-4706041
-4705636
-4705633
-4705629
-4705230
-4705628
-4706022
-4705248
-4705989
-4705495
-4705159
-4705868
-4705485
-4705116
-4705875
-4705115
-4705049
-4705393
-4704984
-4704981
-4705958
-4704982
-4704980
-4704975
-4704977
-4704976
-4705476
-4704968
-4705765
-4704378
-4704092
-4704085
-4704084
-4704082
-4704081
-4704070
-4703934
-4707519
-4706122
-4704303
-4705288
-4703981
-4703984
-4703973
-4703982
-4703978
-4703982
-4703978
-4701928
-4703945
-4701923
-4705110
-4703786
-4705407
-4705412
-4705298
-4705534
-4705173
-4704200
-4704846
-4705770
-4705109
-4704892
-4703648
-4704812
-4704805
-4704400
-4704625
-4704965
-4702048
-4705620
-4705180
-4703260
-4704753
-4703680
-4704503
-4704501
-4702954
-4704708
-4701214
-4701339
-4704028
-4701032
-4701030
-4703349
-4703612
-4704391
-4704392
-4704390
-4704389
-4701004
-4704387
-4704391
-4704388
-4701003
-4704387
-4704387
-4701003
-4704386
-4704385
-4704386
-4704386
-4704383
-4704383
-4704383
-4704382
-4704380
-4704380
-4704381
-4704379
-4704382
-4704382
-4704380
-4704379
-4704377
-4704379
-4704380
-4704378
-4704474
-4704357
-4703585
-4703586
-4704354
-4703584
-4703584
-4703584
-4703582
-4703582
-4703581
-4703581
-4703579
-4703579
-4703579
-4703577
-4703578
-4703577
-4703576
-4703570
-4703554
-4700815
-4700813
-4700810
-4703434
-4700799
-4703638
-4700796
-4700812
-4700793
-4700794
-4700788
-4700788
-4700800
-4704381
-4700785
-4703500
-4700793
-4700776
-4700775
-4703493
-4704397
-4703495
-4703493
-4703495
-4703486
-4703491
-4703493
-4703489
-4703487
-4703490
-4703488
-4703488
-4703488
-4703487
-4703475
-4703164
-4703472
-4703163
-4703163
-4703165
-4703161
-4703160
-4703160
-4703159
-4703159
-4703159
-4703159
-4703155
-4703159
-4703159
-4703160
-4703156
-4703155
-4703155
-4703157
-4703158
-4703156
-4703156
-4703154
-4703155
-4703153
-4703154
-4703154
-4703149
-4703148
-4703145
-4703143
-4703784
-4704073
-4704366
-4704364
-4705031
-4703044
-4703041
-4703040
-4703040
-4703040
-4703039
-4703039
-4703039
-4703039
-4703039
-4703040
-4703038
-4703038
-4703037
-4703038
-4703066
-4703065
-4703065
-4703064
-4703063
-4703060
-4703058
-4704202
-4703034
-4704197
-4704191
-4704192
-4704190
-4704188
-4704188
-4704184
-4704184
-4703027
-4700589
-4700478
-4700478
-4700467
-4704297
-4700472
-4702801
-4704183
-4702845
-4702847
-4705455
-4704123
-4702825
-4702814
-4702759
-4703983
-4704130
-4703911
-4703905
-4703910
-4703902
-4703903
-4703899
-4703912
-4703899
-4704040
-4704037
-4704038
-4704036
-4704036
-4704035
-4704026
-4702728
-4702728
-4702728
-4702728
-4702727
-4702727
-4702728
-4702726
-4702725
-4702725
-4703842
-4701607
-4703295
-4703901
-4702691
-4702729
-4702715
-4702717
-4702715
-4702712
-4702712
-4702712
-4702713
-4702710
-4702711
-4702712
-4702712
-4702712
-4702711
-4702739
-4702734
-4703875
-4702699
-4702727
-4703817
-4702684
-4704623
-4702532
-4702725
-4701486
-4700619
-4702111
-4703970
-4702646
-4702505
-4702682
-4702502
-4702617
-4702610
-4702610
-4702606
-4702602
-4702599
-4702614
-4702592
-4702665
-4702603
-4703468
-4702598
-4702598
-4702597
-4702593
-4702580
-4702835
-4702588
-4702586
-4702585
-4702583
-4702621
-4703890
-4703028
-4702481
-4702538
-4702439
-4703692
-4703589
-4701133
-4704288
-4703758
-4703420
-4703418
-4703417
-4703419
-4703416
-4703418
-4703417
-4703416
-4703417
-4703416
-4703416
-4703413
-4703415
-4703392
-4703546
-4703529
-4703679
-4703668
-4703668
-4696503
-4703651
-4705153
-4705148
-4702133
-4703561
-4701704
-4702439
-4704058
-4703362
-4700397
-4702364
-4697589
-4703210
-4700128
-4702923
-4703429
-4703154
-4703153
-4702007
-4702911
-4701705
-4702737
-4702216
-4701670
-4695360
-4701827
-4696633
-4700129
-4702943
-4699702
-4703629
-4703625
-4701695
-4701265
-4701263
-4701262
-4701261
-4701259
-4701260
-4701256
-4701252
-4701236
-4701236
-4701236
-4701225
-4704345
-4703558
-4702355
-4701112
-4701112
-4701122
-4703518
-4701884
-4701039
-4701017
-4699732
-4699718
-4699714
-4699713
-4702968
-4702658
-4703183
-4703178
-4700828
-4703178
-4700825
-4703177
-4703176
-4703176
-4703176
-4703176
-4700236
-4701367
-4700890
-4702237
-4702009
-4700843
-4701571
-4701994
-4702174
-4702171
-4702230
-4700736
-4701033
-4699699
-4701035
-4702023
-4702024
-4702021
-4702020
-4702021
-4702019
-4702016
-4701910
-4701909
-4700939
-4697579
-4699274
-4701549
-4701542
-4699124
-4700579
-4701480
-4701391
-4700116
-4696102
-4701146
-4700490
-4699912
-4703008
-4700270
-4701310
-4700349
-4699943
-4702341
-4700189
-4701814
-4701813
-4701173
-4700732
-4700731
-4700728
-4700726
-4700724
-4700724
-4700723
-4700723
-4700721
-4700721
-4701071
-4701159
-4701157
-4701078
-4701048
-4701879
-4701047
-4701048
-4701050
-4701048
-4701044
-4701044
-4701042
-4701043
-4701043
-4701043
-4701039
-4701038
-4701037
-4701038
-4701023
-4701021
-4701014
-4701019
-4701020
-4701018
-4701017
-4701011
-4701098
-4701098
-4701098
-4701097
-4701014
-4701097
-4701094
-4701014
-4701008
-4701002
-4701013
-4700995
-4696129
-4701135
-4698837
-4700382
-4697837
-4699746
-4701056
-4701056
-4701056
-4701054
-4701054
-4701054
-4700997
-4701005
-4701022
-4701010
-4701004
-4701048
-4701084
-4701084
-4701063
-4701069
-4701067
-4701068
-4701069
-4701067
-4701067
-4701053
-4701048
-4698333
-4701046
-4699992
-4699992
-4699992
-4699992
-4698386
-4699878
-4700400
-4700561
-4702274
-4699697
-4700685
-4697997
-4696414
-4696409
-4699138
-4699187
-4699113
-4700703
-4699586
-4700701
-4700575
-4700591
-4699012
-4699379
-4697832
-4698882
-4697761
-4700340
-4698971
-4699172
-4697024
-4697105
-4697105
-4697139
-4697123
-4697142
-4697142
-4697135
-4697084
-4697137
-4697134
-4697121
-4697054
-4697051
-4697052
-4697050
-4697048
-4697032
-4697009
-4696982
-4697305
-4697300
-4697296
-4697295
-4697294
-4697294
-4696955
-4697138
-4697067
-4697313
-4697309
-4696858
-4698124
-4697637
-4700047
-4694366
-4694361
-4694361
-4694360
-4696743
-4694359
-4694353
-4694353
-4694351
-4694345
-4695601
-4697058
-4696708
-4699837
-4698871
-4699847
-4699824
-4699381
-4698768
-4698308
-4699720
-4698481
-4697484
-4697484
-4697482
-4699375
-4699372
-4699379
-4699374
-4699374
-4698211
-4699373
-4698492
-4699359
-4698183
-4698205
-4699065
-4699060
-4698057
-4698462
-4698463
-4698461
-4698461
-4693960
-4698461
-4697072
-4699088
-4699071
-4696907
-4696726
-4696786
-4696719
-4699328
-4698017
-4698543
-4698530
-4698051
-4696307
-4698497
-4696342
-4697741
-4696092
-4696326
-4696327
-4696328
-4696326
-4698426
-4698632
-4695647
-4695646
-4695644
-4695648
-4695341
-4697662
-4697659
-4697660
-4697660
-4697799
-4697500
-4697590
-4697347
-4695901
-4697608
-4697419
-4697487
-4697485
-4697485
-4697484
-4697481
-4697494
-4696222
-4697236
-4693613
-4693610
-4697597
-4697742
-4697627
-4693502
-4697934
-4697571
-4692896
-4692871
-4692869
-4693254
-4697195
-4697019
-4697194
-4697195
-4697193
-4697289
-4698327
-4695458
-4698561
-4695454
-4695450
-4695466
-4695450
-4695460
-4695448
-4695462
-4695470
-4698197
-4697912
-4697220
-4696935
-4695285
-4696990
-4695590
-4696880
-4697485
-4693007
-4697897
-4697965
-4697964
-4692848
-4697963
-4697963
-4697963
-4697962
-4697961
-4692772
-4692769
-4696478
-4696606
-4697769
-4696671
-4697768
-4697766
-4696504
-4696589
-4696557
-4696346
-4696323
-4697841
-4696220
-4693682
-4696196
-4696196
-4696194
-4696194
-4694422
-4694420
-4694356
-4694346
-4694326
-4694246
-4695971
-4695992
-4696442
-4694247
-4695925
-4695855
-4693730
-4695866
-4695568
-4695808
-4695634
-4695760
-4695336
-4695336
-4695336
-4695613
-4695331
-4695326
-4695321
-4695582
-4695566
-4695569
-4695565
-4695565
-4695349
-4695557
-4695535
-4695287
-4695561
-4695560
-4695732
-4695732
-4695731
-4695730
-4695729
-4695730
-4695729
-4695678
-4691128
-4693555
-4693555
-4693553
-4694107
-4693488
-4693284
-4696978
-4693393
-4693388
-4693389
-4695253
-4695249
-4695462
-4693359
-4695456
-4690725
-4690724
-4690701
-4690713
-4690695
-4690695
-4690696
-4690694
-4690678
-4690606
-4690602
-4695215
-4693258
-4694584
-4695543
-4693240
-4694753
-4695262
-4695263
-4695261
-4695261
-4695260
-4695259
-4695259
-4695259
-4695259
-4695259
-4695256
-4695258
-4695259
-4695258
-4694745
-4695257
-4695259
-4695257
-4695254
-4695255
-4695256
-4695256
-4695255
-4695254
-4693207
-4693201
-4693202
-4693188
-4693187
-4691753
-4694990
-4694941
-4693319
-4694744
-4691811
-4692602
-4696065
-4693214
-4693147
-4694747
-4693718
-4693229
-4693215
-4693209
-4693959
-4694195
-4695467
-4691941
-4695425
-4695127
-4694771
-4691299
-4693036
-4691293
-4691204
-4691190
-4691187
-4691183
-4691953
-4693252
-4691170
-4691139
-4691129
-4691126
-4691073
-4691076
-4691073
-4691069
-4691069
-4691069
-4691072
-4691075
-4691068
-4691072
-4691070
-4691024
-4690974
-4690978
-4690978
-4690971
-4690974
-4690974
-4690969
-4690973
-4690962
-4690958
-4690970
-4694453
-4692304
-4691244
-4690607
-4690601
-4690603
-4690590
-4692217
-4690583
-4693853
-4693815
-4693809
-4693813
-4693811
-4693812
-4690550
-4693767
-4693767
-4693764
-4693763
-4693765
-4692371
-4690476
-4690477
-4688558
-4693569
-4690134
-4691459
-4693310
-4691506
-4689861
-4693114
-4689806
-4689702
-4692517
-4692513
-4692515
-4692509
-4692478
-4692477
-4692474
-4692463
-4692420
-4692416
-4689061
-4692341
-4692335
-4692330
-4692084
-4692347
-4692347
-4692080
-4692078
-4692301
-4692566
-4692321
-4692247
-4690502
-4691935
-4692418
-4692398
-4690376
-4689620
-4690366
-4690338
-4690336
-4690333
-4690231
-4690160
-4690160
-4690159
-4690157
-4690146
-4690145
-4687106
-4688723
-4691824
-4686998
-4690943
-4690939
-4690942
-4690933
-4687832
-4689839
-4689443
-4689403
-4691041
-4690000
-4687925
-4687914
-4689235
-4687790
-4687790
-4687786
-4687790
-4687785
-4687783
-4687782
-4687778
-4689188
-4689615
-4689926
-4689866
-4688909
-4688907
-4688909
-4689561
-4688856
-4688856
-4688856
-4688858
-4690412
-4688868
-4689544
-4689544
-4688844
-4688834
-4689532
-4690110
-4690108
-4689586
-4688630
-4688536
-4688582
-4689985
-4689975
-4688546
-4689337
-4688385
-4688391
-4688374
-4687480
-4689372
-4688292
-4687724
-4686313
-4686309
-4686310
-4686301
-4686275
-4686248
-4686258
-4687305
-4686267
-4686255
-4686253
-4687278
-4687135
-4688975
-4687705
-4687661
-4687647
-4687696
-4687696
-4686129
-4688499
-4689239
-4687498
-4689231
-4689227
-4685982
-4688077
-4685933
-4688948
-4685825
-4685104
-4688059
-4685681
-4687026
-4684883
-4684880
-4684879
-4686447
-4684863
-4685538
-4684836
-4684840
-4684839
-4685410
-4685999
-4685391
-4686709
-4684837
-4684811
-4684808
-4684801
-4684800
-4684796
-4684797
-4688914
-4685946
-4688693
-4685955
-4687067
-4685425
-4686602
-4686600
-4686473
-4686472
-4686561
-4686559
-4686442
-4685271
-4685231
-4688430
-4685216
-4688425
-4685196
-4687766
-4685237
-4686057
-4686051
-4686050
-4686050
-4686046
-4686046
-4686044
-4686036
-4687943
-4684874
-4684921
-4684876
-4684855
-4684879
-4684398
-4685719
-4685718
-4684308
-4684320
-4687810
-4684300
-4687775
-4687641
-4687634
-4687635
-4685640
-4687455
-4687411
-4687409
-4687409
-4687409
-4687404
-4687406
-4687404
-4687406
-4687390
-4687404
-4687403
-4687389
-4687388
-4687402
-4687387
-4687402
-4687387
-4687398
-4687383
-4687398
-4687398
-4687402
-4687398
-4687398
-4687393
-4687393
-4687392
-4687393
-4687399
-4687392
-4687396
-4687394
-4687389
-4687409
-4687249
-4687248
-4687247
-4687246
-4683847
-4683719
-4686048
-4683503
-4683505
-4683494
-4683437
-4683271
-4684551
-4684542
-4684544
-4684541
-4684541
-4684543
-4684539
-4684539
-4684540
-4684538
-4684534
-4683067
-4683051
-4683838
-4683002
-4682943
-4682937
3442878
3442717
3437347
3442626
3442610
3438517
3441484
3438769
3438796
3438793
3438789
3438782
3438781
3438840
3438844
3438819
3441032
3438806
3438808
3440820
3440820
3440814
3440719
3440715
3440659
3440722
3440549
3440428
3440439
3440450
3440440
3440440
3440437
3440439
3440439
3440422
3440447
3440429
3440443
3440440
3440425
3440438
3440438
3440432
3440409
3440441
3440426
3440431
3440431
3440408
3440421
3440480
3440430
3440413
3440420
3440418
3440415
3440417
3440417
3440417
3440408
3440414
3440413
3440413
3440412
3440415
3440487
3440415
3440412
3440412
3440419
3440487
3440486
3440485
3438911
3438797
3438789
3438812
3438791
3438789
3438787
3438783
3438681
3438734
3438741
3438734
3438733
3438743
3438724
3438740
3440256
3440413
3441746
3439455
3439446
3439456
3439338
3438209
3439340
3442042
3442013
3440527
3438051
3438051
3438047
3440067
3440615
3440069
3439226
3439831
3439188
3441297
3439126
3439983
3439979
3439978
3439979
3439084
3439957
3440727
3441192
3440061
3440985
3441035
3441040
3441034
3441034
3441034
3441051
3441032
3441035
3440995
3440991
3441033
3441047
3441038
3441040
3441040
3441045
3441034
3441000
3441004
3441003
3441001
3441003
3441001
3441001
3441002
3441001
3441001
3441001
3441001
3441033
3439993
3439876
3441250
3441245
3441127
3440619
3441151
3441166
3441025
3441336
3441098
3441102
3441101
3441101
3441099
3441345
3441111
3441112
3441113
3441264
3441258
3441256
3441258
3441255
3441260
3441257
3441256
3441098
3441105
3441092
3441125
3441042
3441598
3441595
3441592
3440888
3441601
3441594
3441601
3441599
3441595
3441595
3441598
3441597
3441597
3441600
3441594
3441594
3441594
3441595
3441595
3441603
3441591
3441593
3441593
3441593
3441596
3441598
3441600
3441597
3441596
3441587
3441596
3441598
3441608
3441557
3440978
3440875
3440873
3441045
3440701
3440883
3440851
3440451
3439671
3436440
3441110
3439649
3439641
3439648
3439750
3439752
3439747
3439749
3439751
3439748
3439749
3439748
3439750
3441063
3440392
3440390
3440393
3440393
3440392
3440392
3439648
3440375
3440374
3440496
3440370
3440372
3440372
3440372
3440377
3440371
3440373
3440373
3440373
3440372
3440368
3440371
3440373
3440370
3440370
3440373
3440369
3440369
3440372
3440379
3440377
3440378
3439347
3439347
3439350
3439350
3439331
3439344
3439331
3439321
3439332
3439319
3439296
3439300
3439615
3440333
3439613
3439621
3439269
3440920
3440923
3440928
3440923
3440422
3439864
3441448
3440384
3439864
3439814
3439586
3439248
3440028
3439789
3439968
3439983
3440494
3440901
3439692
3439745
3439651
3439672
3439630
3439628
3439525
3439781
3439777
3439654
3440152
3440151
3439797
3439435
3440513
3439493
3439486
3440569
3439400
3439397
3439414
3439396
3439388
3439410
3439406
3439410
3439404
3440485
3439414
3439411
3439409
3439406
3439407
3439407
3439412
3439415
3439422
3439402
3439421
3440550
3439448
3440547
3439405
3439409
3439406
3439397
3439392
3439405
3439413
3439410
3439410
3439407
3439412
3439412
3439414
3439405
3439405
3439396
3439785
3439409
3439416
3439775
3439416
3439396
3439412
3439395
3439398
3440020
3439399
3439394
3439393
3439393
3439398
3439401
3439392
3439449
3439392
3439391
3439394
3439393
3439393
3439396
3439390
3439410
3439390
3439390
3439785
3439390
3439395
3440018
3439389
3439398
3440021
3439432
3439384
3439393
3439387
3440018
3439392
3439391
3439411
3439385
3439385
3439390
3439387
3439395
3439387
3439386
3439394
3439390
3439386
3439390
3439774
3440021
3439742
3439746
3440020
3439739
3440535
3440536
3440037
3440532
3440533
3439678
3439680
3439694
3440578
3440578
3439690
3440577
3439680
3439669
3439642
3439482
3439617
3439679
3439670
3439612
3439979
3439641
3440295
3439641
3440676
3440490
3440599
3440023
3440005
3439587
3440169
3439459
3439585
3439991
3439550
3439590
3439587
3439583
3439555
3439586
3439562
3439587
3440617
3439582
3440616
3440723
3439576
3439585
3440723
3439580
3439560
3439564
3439561
3439563
3439585
3439573
3439769
3439545
3440830
3439572
3439538
3439541
3439540
3440604
3440610
3440596
3440167
3440161
3439336
3440168
3440165
3439334
3439445
3439715
3438561
3439571
3440633
3440464
3438542
3440465
3440465
3438529
3440460
3440464
3439592
3440460
3440632
3439518
3440629
3439580
3440463
3439581
3439572
3439597
3439583
3440453
3439536
3439530
3439615
3439534
3439537
3439591
3439533
3439579
3439533
3439536
3439536
3439593
3439532
3439533
3439533
3439608
3439605
3439601
3439604
3439609
3439600
3439603
3439488
3439489
3439488
3439488
3439487
3439487
3439487
3439487
3439474
3439488
3439488
3439488
3439488
3439492
3439486
3439486
3439488
3439488
3440545
3438491
3440611
3439608
3438516
3439585
3440945
3439713
3439456
3439458
3439454
3439454
3439457
3439458
3439461
3439459
3439456
3439453
3439456
3439450
3439460
3439451
3439457
3439451
3439455
3439454
3439453
3439457
3439457
3439438
3439455
3439460
3439453
3439443
3439446
3439450
3440570
3439544
3439493
3439491
3439493
3439493
3439473
3439593
3440569
3440437
3439470
3439718
3439617
3441469
3439612
3439606
3441418
3441439
3441443
3440556
3440553
3440553
3440548
3440547
3439408
3440599
3440046
3440627
3440496
3440543
3440499
3439929
3440666
3440637
3441042
3441044
3441071
3439319
3439215
3439217
3439210
3439204
3441100
3439701
3441335
3441342
3439256
3441380
3441377
3440557
3441314
3441701
3441701
3441699
3441709
3441705
3441707
3441704
3441706
3441706
3441704
3440556
3441704
3441438
3440013
3439238
3439239
3439236
3439267
3439219
3439250
3440608
3440608
3439249
3439230
3441214
3441834
3438951
3440636
3440633
3441254
3439186
3439146
3439145
3439854
3439837
3440663
3440664
3441647
3439839
3439112
3440652
3439012
3440048
3440063
3440059
3440067
3440049
3440044
3440050
3440048
3439062
3439058
3439102
3439069
3439072
3439031
3439023
3439220
3439036
3439024
3439037
3439031
3439028
3439030
3439029
3439017
3439021
3439050
3439016
3439029
3439037
3439026
3439026
3439051
3439025
3439030
3439018
3441102
3439034
3439019
3439020
3439022
3439016
3439021
3439031
3439022
3439830
3439034
3439015
3439011
3439033
3439033
3439260
3440613
3441606
3442806
3439817
3439824
3440638
3438622
3439935
3440610
3440613
3439395
3439618
3440575
3440574
3438818
3439378
3439373
3439374
3440564
3439373
3440632
3439360
3439363
3439383
3439356
3439356
3439356
3439355
3439355
3439381
3439355
3439380
3439357
3439374
3439351
3439359
3439376
3439379
3439365
3439365
3439359
3439364
3439381
3439365
3439387
3443310
3439412
3439399
3439618
3439614
3439618
3440621
3441212
3439554
3440418
3440433
3440432
3440444
3440396
3443163
3440644
3440609
3443272
3443271
3443272
3443272
3443265
3440691
3440679
3440434
3443261
3440437
3439394
3440462
3443275
3440571
3443265
3439394
3440533
3440429
3440450
3440443
3439192
3440569
3439193
3439178
3439189
3440524
3443204
3439399
3439177
3439190
3440312
3440497
3440493
3439175
3440695
3440744
3440765
3438135
3440694
3439391
3440769
3440740
3440806
3440606
3440804
3440805
3440807
3440739
3440738
3440738
3440810
3440740
3440739
3440738
3440740
3440737
3440737
3440736
3440811
3440251
3439587
3440650
3440748
3441124
3438779
3440723
3440728
3440725
3440728
3440728
3440726
3440731
3440727
3440730
3440698
3440730
3440678
3440671
3440672
3440709
3440674
3440710
3440686
3440690
3440697
3440684
3440695
3440699
3440672
3440081
3439203
3437908
3438709
3440686
3441313
3439631
3437447
3439168
3439091
3439405
3439530
3439532
3439535
3438849
3439006
3440049
3438992
3439523
3438761
3438995
3438934
3438451
3438929
3438923
3438915
3438912
3438914
3438911
3438914
3438914
3438914
3438912
3438914
3438915
3438915
3438913
3438370
3438978
3438975
3438974
3438976
3438976
3438976
3438977
3438975
3438975
3438977
3438976
3438973
3438976
3438978
3438975
3438971
3438971
3438979
3438976
3438975
3438782
3438834
3438835
3438845
3438824
3438823
3438826
3438814
3438918
3438815
3438815
3438815
3438817
3438816
3438813
3438813
3438812
3438823
3438826
3438928
3438927
3438927
3438823
3438816
3438925
3438928
3438927
3438931
3438823
3438929
3438831
3438926
3438920
3438928
3438929
3438818
3438929
3438927
3438929
3438825
3438933
3438836
3438843
3438869
3438925
3438929
3438926
3438926
3438923
3438946
3438920
3440813
3438941
3438841
3438842
3438936
3438932
3438937
3438930
3438929
3438930
3438937
3438933
3438930
3438932
3438934
3438933
3438930
3438926
3438934
3438922
3438935
3438920
3438920
3438923
3438919
3438919
3438921
3438915
3438918
3438919
3438931
3438919
3438919
3438919
3438918
3438918
3438912
3438915
3438914
3438913
3438919
3438934
3438920
3438917
3438917
3438911
3438916
3438921
3438841
3438912
3439007
3438915
3438909
3438909
3438911
3438911
3438911
3438916
3438918
3438910
3438827
3438915
3438917
3438919
3438916
3438916
3438913
3438913
3438918
3438826
3438915
3438915
3438918
3438911
3438916
3438924
3438913
3438915
3438920
3439822
3438914
3438914
3438893
3438912
3438918
3438844
3438966
3438974
3438977
3442056
3442078
3438977
3438853
3442056
3442056
3437209
3442056
3442053
3438994
3438990
3438860
3438857
3438858
3438833
3438763
3438763
3438764
3438764
3438762
3438764
3438853
3438767
3438766
3438846
3438842
3440272
3438825
3438825
3438972
3438972
3438970
3438803
3438754
3438968
3438752
3438752
3438752
3438789
3438969
3438754
3438754
3438960
3438974
3438970
3438970
3438972
3438968
3438729
3438833
3438730
3438902
3438728
3438594
3438752
3438609
3438803
3438789
3438791
3438798
3438784
3438789
3438788
3438788
3438791
3438785
3438787
3438786
3438785
3438788
3438788
3438788
3438784
3438787
3438790
3438791
3438787
3438793
3438823
3438929
3438793
3438776
3438795
3438795
3438952
3438956
3438962
3438957
3438959
3438964
3438958
3438951
3438953
3438955
3438958
3438955
3438954
3438954
3438955
3436627
3438529
3438515
3438578
3438539
3438826
3438819
3438299
3438293
3438300
3438300
3438300
3438300
3438297
3438302
3438289
3438295
3438289
3438297
3438293
3438302
3438302
3438302
3441080
3438295
3441081
3438293
3438303
3441081
3438293
3438293
3438298
3438298
3438294
3438299
3438292
3438803
3438303
3438802
3441081
3438808
3438778
3438827
3438760
3438755
3438751
3438755
3438743
3438755
3438757
3438748
3438408
3441130
3441896
3438442
3438684
3438427
3438684
3438444
3438429
3438421
3438421
3438420
3438408
3438419
3438419
3438419
3438418
3438770
3438423
3438422
3438887
3438614
3438617
3438617
3438537
3438457
3438412
3438849
3438843
3441119
3440090
3441449
3441120
3436318
3435518
3441198
3436306
3436296
3440423
3440440
3440474
3440432
3440426
3440425
3440444
3440447
3437962
3437468
3437132
3438591
3441798
3441802
3438891
3438889
3438888
3438892
3438886
3438891
3438890
3438889
3438893
3436040
3441760
3438610
3442061
3442061
3442062
3442058
3440894
3441347
3437773
3436120
3441594
3439847
3442104
3442101
3438728
3439043
3442100
3441848
3442096
3439507
3441189
3439489
3441812
3439666
3439610
3438656
3439648
3439641
3441644
3441624
3441626
3441618
3441543
3441628
3435637
3437256
3437261
3439357
3437176
3435850
3438432
3441619
3436599
3437442
3438225
3437938
3435261
3435868
3437592
3438143
3436417
3437440
3437333
3437331
3437599
3437480
3437482
3437369
3437368
3437369
3437372
3439374
3435927
3438263
3436530
3436530
3436545
3437797
3439700
3436553
3436554
3437172
3438240
3434798
3436732
3438692
3439441
3439416
3439302
3435609
3436373
3441692
3441693
3441677
3441686
3441725
3441725
3441692
3441696
3441698
3441688
3441690
3439082
3441685
3441674
3437446
3437445
3437436
3439171
3437439
3437440
3439092
3439133
3435762
3437275
3437097
3437171
3437168
3437165
3437166
3438990
3437864
3439376
3435025
3437052
3437075
3438666
3437072
3437072
3435371
3436760
3436671
3436671
3436671
3436668
3436670
3436640
3436671
3436668
3436670
3436667
3436672
3436668
3436671
3436623
3436623
3436628
3436623
3436889
3436622
3436624
3436627
3436627
3436623
3436625
3436624
3437040
3436623
3436582
3437088
3436619
3436626
3436619
3436618
3436406
3434512
3436853
3438842
3438007
3437995
3438001
3438006
3438005
3438026
3436955
3437967
3437964
3437952
3437969
3437969
3437954
3437962
3437964
3437963
3435471
3437825
3436871
3434694
3437742
3435128
3434537
3434537
3435656
3434582
3434300
3434577
3434302
3434296
3434298
3434301
3434296
3434583
3434577
3434574
3434572
3437756
3435587
3435350
3437811
3434081
3435162
3436209
3434991
3434988
3436886
3434006
3433897
3436675
3434620
3437163
3434414
3437185
3436928
3434349
3434347
3434349
3434347
3434348
3434350
3434344
3434349
3434349
3434349
3434349
3434346
3434351
3434350
3434350
3434350
3434350
3434332
3434351
3434351
3434347
3434350
3434351
3434314
3434348
3434350
3434323
3434323
3434322
3434324
3434324
3434327
3434321
3434323
3434322
3434338
3434306
3434323
3434308
3434308
3434308
3434309
3434312
3434306
3434308
3434307
3434306
3434306
3434306
3434309
3434317
3434308
3434305
3434342
3434307
3434344
3434346
3437193
3434333
3436957
3436962
3436958
3434534
3434333
3436959
3436960
3436955
3436956
3436943
3440977
3440975
3437156
3433172
3434691
3434694
3434687
3434687
3434685
3434689
3434689
3434895
3434691
3433047
3434690
3434690
3434689
3434691
3434694
3434691
3434701
3434692
3434654
3434690
3434690
3434687
3434693
3434692
3434652
3434691
3434694
3434691
3434693
3434693
3434693
3434652
3434686
3434689
3434688
3434690
3434684
3434692
3434689
3434692
3434704
3434646
3434646
3434648
3434699
3434701
3434680
3434645
3434682
3434637
3434638
3434682
3434565
3434693
3440793
3433770
3434691
3433708
3441420
3433601
3433581
3437699
3436947
3436944
3436947
3436951
3436948
3431018
3436965
3436935
3434567
3434564
3434566
3432606
3434565
3434566
3437719
3434139
3437609
3437612
3437612
3436955
3436954
3434700
3435952
3436619
3437134
3436813
3436991
3437124
3434718
3436990
3437123
3437714
3437021
3437026
3437028
3437130
3437024
3437024
3437023
3433534
3434586
3437139
3437132
3434601
3434660
3434657
3434653
3434644
3434641
3433197
3433199
3437022
3436987
3434102
3432854
3433947
3432659
3437089
3433647
3434619
3434828
3431759
3436761
3436188
3434568
3433969
3432193
3435825
3434570
3435764
3437368
3437363
3437364
3436102
3436101
3437375
3437386
3437392
3437403
3437424
3437392
3436188
3434605
3436585
3433495
3431484
3437328
3437340
3431435
3437320
3431314
3433457
3436363
3436024
3430686
3437694
3431207
3436398
3436151
3436151
3436180
3436176
3436176
3434573
3435864
3435863
3435865
3436065
3433201
3435904
3436004
3434560
3430247
3433450
3435773
3435825
3436787
3435782
3435773
3435749
3435749
3435739
3434546
3435561
3430242
3435930
3435822
3435001
3430261
3430268
3435476
3435510
3435802
3435935
3436499
3435649
3436501
3435593
3436495
3436497
3436498
3435795
3435797
3435439
3436489
3435795
3436483
3435793
3434186
3435612
3435420
3435491
3435451
3435490
3435513
3435495
3435455
3435428
3435467
3436521
3435461
3435420
3435462
3435865
3435869
3436157
3435526
3435474
3435863
3436156
3435143
3435154
3429062
3435475
3435548
3435143
3435933
3429058
3435931
3429056
3435547
3435419
3435532
3435524
3435411
3435426
3435419
3435427
3435518
3435431
3435430
3435424
3433418
3435486
3435430
3435430
3433421
3435427
3433422
3435569
3435496
3435450
3435448
3435586
3429067
3435870
3435475
3435864
3436132
3435558
3435843
3435776
3435782
3435484
3435631
3435471
3435605
3435667
3435525
3435781
3435503
3435769
3435517
3435731
3435741
3435741
3435740
3435246
3435247
3435316
3435314
3435313
3435311
3435311
3435415
3434901
3435472
3434905
3434903
3434908
3435456
3434903
3434907
3434909
3434906
3434908
3434908
3434905
3434910
3434613
3434906
3435382
3435495
3435487
3435490
3435486
3435490
3435422
3434616
3435488
3434615
3435484
3434626
3434614
3436144
3435076
3432691
3435489
3435461
3435495
3434898
3435423
3435421
3434489
3435421
3435452
3435459
3434805
3435456
3435416
3434968
3434903
3435015
3435011
3435022
3434961
3434998
3434959
3434673
3434992
3434989
3435002
3434998
3435009
3434991
3434970
3434970
3434981
3434992
3434992
3434978
3434975
3434969
3434963
3434875
3435061
3434913
3434931
3434910
3434958
3434931
3434107
3434861
3434113
3434114
3434902
3434898
3434121
3434140
3434877
3434971
3433309
3433997
3433992
3433306
3433303
3433988
3433299
3434156
3433251
3433417
3432885
3433932
3433661
3432881
3435889
3432745
3432587
3432487
3432509
3432509
3432505
3432505
3433719
3432510
3432492
3432502
3432498
3432496
3432724
3432493
3432254
3432255
3432253
3432250
3432252
3432255
3432255
3432254
3432256
3432254
3432257
3432261
3432255
3432255
3432254
3432254
3432343
3434326
3432377
3432371
3432385
3432351
3429599
3432715
3434768
3434787
3432400
3432390
3432330
3436388
3432602
3436983
3436398
3436398
3432727
3436394
3436392
3436366
3436398
3436388
3436382
3436391
3436399
3436390
3436405
3436401
3436400
3436385
3436401
3436398
3430686
3432272
3434631
3434630
3432149
3432149
3432146
3432142
3432158
3432144
3432144
3432146
3432146
3432149
3432144
3432146
3432148
3432145
3436443
3436443
3440198
3434268
3436106
3436111
3436106
3436108
3439574
3434540
3436088
3436081
3434545
3434542
3434538
3434543
3436077
3436082
3434546
3436075
3436712
3432568
3436022
3436024
3432000
3436268
3434112
3434609
3435696
3434428
3434844
3435823
3432935
3434676
3432891
3433893
3431871
3435698
3436191
3435684
3435690
3435672
3435680
3435682
3435672
3435729
3435675
3435738
3435733
3435741
3435726
3435727
3435727
3428719
3433435
3436463
3433702
3435924
3435926
3435916
3435944
3435868
3435915
3435871
3434635
3431317
3434942
3436063
3436249
3436243
3436227
3436271
3436001
3436015
3435926
3435923
3435928
3436078
3440525
3434662
3436211
3436197
3436199
3436202
3436195
3436206
3436204
3436198
3436197
3433819
3440450
3440458
3440477
3440451
3440458
3440441
3440466
3440412
3433285
3433491
3440407
3433316
3440402
3440403
3434569
3434681
3434053
3431320
3434653
3431989
3432027
3432029
3432019
3432016
3432024
3432017
3430780
3430779
3430782
3430783
3435752
3431930
3431929
3435730
3431922
3431751
3434858
3431910
3431784
3434797
3434524
3433501
3432877
3440387
3430566
3440386
3440388
3440393
3440393
3440393
3440398
3440380
3440382
3435345
3432833
3433483
3440326
3430781
3434998
3432731
3432731
3432731
3432731
3432731
3432694
3434210
3432035
3433068
3432021
3432025
3431095
3432023
3431096
3432027
3431098
3431096
3431093
3431095
3432549
3432633
3432127
3431122
3431122
3431122
3431119
3431121
3431124
3432125
3432120
3432127
3433115
3432124
3431124
3433020
3431152
3432353
3433140
3431300
3432207
3433106
3431219
3433101
3433209
3432331
3433318
3433323
3430898
3433317
3433316
3433326
3433308
3433309
3432065
3433321
3431315
3434646
3435287
3435284
3435286
3435286
3435284
3435292
3435606
3426655
3430117
3434607
3432014
3435187
3435177
3435203
3435171
3435172
3435160
3435165
3440238
3435235
3440232
3432280
3435547
3431500
3431466
3431528
3430793
3431492
3433757
3432145
3429804
3431306
3431840
3434829
3431889
3431860
3432621
3432016
3431147
3438349
3429125
3429804
3434479
3430768
3433391
3431320
3431314
3435149
3430492
3438948
3438630
3431724
3439064
3439055
3433301
3432594
3430606
3430603
3430601
3430604
3438995
3430607
3430598
3430603
3438994
3430605
3430604
3438992
3430603
3430605
3430602
3430602
3430604
3430604
3430604
3430607
3430608
3430607
3430604
3430606
3430600
3430600
3430603
3430604
3430609
3430604
3430600
3430601
3430343
3430625
3432537
3432533
3430626
3432535
3432535
3432534
3432534
3432534
3432537
3432532
3432537
3432536
3432532
3432537
3432533
3432531
3432533
3432520
3432540
3439316
3439319
3439318
3432768
3439276
3432241
3439281
3439241
3439286
3439280
3439293
3439287
3439253
3430377
3439290
3432556
3439263
3439301
3439304
3432566
3430318
3432557
3432557
3432544
3432566
3432550
3432544
3432555
3432558
3432548
3432553
3432545
3432545
3432542
3432565
3433279
3432516
3433281
3433280
3433273
3433279
3433278
3433277
3433279
3433279
3433279
3433275
3433286
3433274
3433274
3433271
3433278
3433280
3433281
3433273
3433270
3433276
3433276
3433278
3433274
3433279
3433276
3433276
3433280
3433281
3433279
3433280
3431665
3430906
3430097
3430098
3428439
3433295
3433297
3433295
3433295
3433295
3433298
3433296
3433296
3433296
3433296
3433293
3433294
3433293
3433295
3433292
3433175
3433174
3433172
3433175
3433173
3433174
3433176
3430330
3433223
3430333
3430345
3430342
3430342
3430341
3430314
3430316
3430314
3433162
3439193
3439406
3439404
3439429
3429926
3439409
3433543
3430091
3433407
3433314
3426797
3430085
3433291
3433287
3433419
3430376
3429951
3430434
3430445
3430429
3430449
3430440
3430443
3430372
3430376
3429990
3429994
3429989
3429992
3429991
3429986
3429989
3433180
3433180
3433180
3433180
3433182
3433182
3433177
3433180
3433183
3433181
3430408
3435777
3431411
3429862
3432782
3432680
3432679
3432673
3432678
3432683
3432678
3432678
3432674
3432682
3432679
3432676
3432675
3432675
3432673
3432597
3432603
3429731
3432595
3432511
3429768
3432575
3427704
3432834
3432349
3435417
3437533
3433836
3429215
3432430
3432772
3432328
3432775
3432488
3432491
3432490
3432496
3432501
3432506
3432461
3432510
3432330
3432469
3430318
3432476
3432475
3432476
3432479
3432509
3431866
3432479
3432479
3432471
3432475
3432345
3429193
3431275
3432588
3432389
3432591
3429403
3429621
3435562
3427607
3428879
3429531
3429532
3429534
3429528
3429536
3429528
3429528
3429530
3429527
3429529
3429529
3429535
3429526
3429520
3428991
3428966
3428552
3428526
3428526
3446255
3428508
3424738
3424734
3432199
3428577
3433015
3431137
3427028
3428644
3435984
3431096
3442915
3428955
3436561
3429597
3428294
3428912
3428911
3431687
3429293
3432224
3429636
3430852
3432166
3447455
3431381
3444150
3435468
3428341
3436372
3426415
3426410
3431172
3432206
3432206
3432205
3432207
3432205
3432202
3432208
3432212
3432216
3432215
3432215
3432225
3424465
3426230
3429115
3432152
3432152
3432120
3426169
3430152
3432036
3432057
3435194
3435200
3435207
3435203
3426762
3427512
3426161
3426160
3431998
3426158
3432002
3426160
3426159
3426158
3426157
3426157
3433450
3430615
3431689
3428314
3428850
3431735
3429919
3428825
3428342
3428336
3428162
3431844
3431051
3434325
3430839
3428356
3428353
3428359
3428360
3428357
3428357
3428360
3428406
3428380
3430570
3438616
3434238
3428566
3428569
3434568
3430920
3428423
3428450
3431487
3441292
3428783
3430353
3431735
3424017
3430726
3428123
3430496
3431437
3425425
3430730
3426667
3426663
3428115
3429032
3429035
3429039
3429038
3429039
3429038
3429041
3429040
3429043
3429043
3428029
3427805
3427806
3427975
3427997
3425920
3427988
3427981
3427975
3427968
3427978
3427977
3427979
3427976
3427975
3427970
3427980
3427970
3427969
3427964
3427995
3427997
3428010
3427994
3427990
3427991
3427994
3428006
3427787
3427787
3427787
3427786
3427992
3427785
3427787
3427985
3427997
3428000
3427969
3428002
3440040
3427520
3433197
3429323
3435533
3430690
3427433
3427432
3427432
3427432
3427431
3427431
3427564
3427536
3427487
3427505
3427512
3427389
3427296
3427296
3427317
3427268
3427270
3427266
3427262
3427263
3427261
3427253
3427255
3433994
3427256
3429869
3429868
3429867
3429867
3433831
3429956
3428513
3428104
3423839
3430245
3427771
3434441
3438280
3438276
3431421
3431286
3431333
3427333
3430109
3427333
3427503
3427329
3431246
3430319
3434010
3431232
3433999
3427260
3430491
3429986
3435242
3435019
3435007
3434924
3434953
3434905
3434899
3434916
3435037
3434905
3434908
3434907
3435040
3435037
3435032
3435032
3435032
3435072
3435111
3435165
3434351
3434353
3434357
3434336
3434338
3434337
3435175
3434710
3434863
3434194
3434193
3435262
3432115
3433225
3427159
3441239
3441250
3441244
3441246
3435338
3441245
3441258
3441257
3441259
3441270
3438138
3434505
3435359
3427528
3429910
3427473
3427517
3428433
3429856
3430966
3427274
3430350
3432679
3432678
3432679
3427872
3427880
3427859
3427865
3427861
3430748
3427850
3430025
3427862
3430771
3430676
3428432
3428436
3430782
3429753
3429750
3429752
3429752
3440916
3429751
3432884
3427813
3427843
3432977
3433302
3433151
3433284
3426753
3429911
3428507
3428509
3429689
3434011
3428525
3433587
3430112
3434197
3433613
3433602
3433599
3433600
3428380
3427832
3435155
3435153
3435155
3435145
3435886
3430091
3430095
3430092
3430090
3429694
3430300
3429922
3430501
3434063
3429796
3430260
3430077
3430079
3430077
3430074
3430079
3430026
3433166
3430621
3439517
3439520
3429617
3429227
3429508
3439714
3428621
3429502
3440798
3440785
3440784
3439661
3429881
3430320
3429882
3429879
3429880
3429578
3426935
3434054
3426340
3434054
3434062
3434020
3434055
3434025
3434054
3434014
3433977
3427162
3427866
3429576
3429966
3433998
3429724
3433139
3429869
3428273
3439230
3427048
3426844
3426845
3439541
3426843
3426843
3426843
3426845
3426841
3439690
3439691
3430220
3429726
3426810
3429535
3426807
3426812
3429744
3429418
3429467
3429668
3429653
3425869
3429824
3435920
3429505
3429503
3429504
3429419
3433726
3433723
3433880
3433887
3433870
3433981
3429576
3429470
3428220
3433551
3429320
3429263
3434524
3429156
3429815
3429213
3429644
3429274
3430327
3430326
3430318
3429626
3430321
3430326
3430323
3429662
3429667
3429657
3429665
3429650
3430184
3429656
3429682
3430254
3429566
3429569
3429113
3429109
3429110
3429109
3429111
3429107
3429109
3429102
3440344
3434107
3434105
3434106
3432670
3434188
3434581
3425384
3434253
3434256
3434250
3429471
3429477
3428918
3434130
3428918
3440519
3440521
3440509
3440473
3440516
3440508
3440497
3440497
3440509
3440637
3440629
3429138
3433994
3430640
3428123
3433841
3430070
3428795
3428791
3428793
3428790
3428793
3428790
3428790
3428790
3428789
3428789
3428794
3428789
3428788
3428789
3430066
3428790
3428784
3428790
3428795
3428792
3428788
3428788
3428791
3428786
3433851
3433865
3433855
3433829
3433829
3437087
3428572
3428441
3432436
3428574
3435781
3433526
3424899
3431661
3431805
3427744
3430009
3431095
3431097
3431102
3428340
3427595
3424380
3433120
3424337
3424044
3424668
3432821
3428418
3432738
3432761
3432772
3432773
3432773
3430827
3427520
3432655
3432714
3432693
3432694
3432609
3432599
3432601
3432609
3432609
3432609
3432603
3432593
3432609
3432598
3432603
3432669
3432658
3432646
3432645
3432660
3432651
3432645
3432655
3432643
3432666
3432664
3432587
3423854
3429061
3431224
3432447
3432456
3432449
3432463
3428417
3432469
3424277
3424334
3424341
3424327
3424330
3424326
3432396
3424323
3424317
3424320
3424322
3424316
3427604
3432249
3432246
3436083
3423571
3432033
3428426
3423747
3427798
3431704
3423382
3431612
3431418
3424062
3424062
3424055
3424062
3424074
3424069
3424068
3424085
3424180
3424176
3432390
3424225
3424226
3424236
3424787
3424131
3424129
3424790
3424791
3424223
3423553
3424143
3424265
3428455
3424787
3423582
3423578
3428498
3430370
3428496
3428521
3428522
3428425
3428367
3428503
3428502
3428501
3428506
3428507
3428498
3436004
3431812
3423878
3435639
3424956
3424961
3424946
3424959
3432609
3427527
3428322
3428319
3424226
3426783
3431872
3431826
3428337
3431924
3431924
3431930
3431910
3431921
3431926
3431925
3431896
3428341
3427063
3426189
3426119
3428176
3428177
3428171
3426521
3428271
3428267
3428266
3428259
3424377
3428218
3426502
3426500
3428236
3428200
3426393
3424758
3424759
3425806
3428112
3428242
3428115
3424503
3424511
3427766
3425691
3428040
3427999
3428015
3430236
3425272
3427727
3428881
3432302
3432308
3432298
3432317
3432320
3432356
3432328
3429719
3432284
3432312
3432311
3429704
3430050
3425242
3428398
3428457
3428475
3428346
3428346
3432214
3426239
3424368
3428696
3424365
3424361
3432353
3427118
3432397
3424740
3432491
3434182
3426613
3432525
3429125
3434190
3434194
3434197
3430254
3434190
3432506
3434184
3434169
3434171
3432731
3431265
3432768
3429475
3434131
3434171
3434159
3434162
3434164
3434165
3434161
3423898
3431278
3424426
3431241
3428452
3432504
3429298
3429298
3429612
3429596
3429299
3429303
3429514
3432420
3432427
3424423
3432417
3424423
3432233
3425833
3432022
3429628
3429630
3429628
3429628
3429639
3429627
3429628
3429632
3424865
3432473
3432342
3432442
3432475
3432413
3433085
3429560
3429559
3433059
3433018
3424305
3433023
3424356
3424374
3424390
3424381
3429229
3424462
3424371
3424374
3424372
3424371
3424377
3424371
3424376
3424370
3424409
3424374
3424373
3424407
3424408
3424374
3424411
3424370
3424406
3424380
3424412
3424374
3424370
3424361
3424368
3424368
3424377
3424373
3424375
3424373
3424356
3424374
3424362
3424363
3424369
3424088
3423959
3423957
3423958
3423957
3432316
3432526
3425874
3432129
3432082
3432040
3432093
3432021
3428418
3428437
3428423
3428425
3428424
3428413
3428424
3428424
3428421
3428420
3428421
3432043
3432048
3425955
3427289
3427266
3427264
