0.9	1	4.931966115	omentum
1	1	5.492760389	omentum
1.1	1	6.064457989	omentum
0.9	1	6.338456494	omentum
1	1	6.404833717	omentum
1.1	1	6.758911892	omentum
0.9	1	6.899820502	omentum
1	1	7.033423755	omentum
1.1	1	7.068185862	omentum
0.9	1	7.26245109	omentum
1	1	7.28780173	omentum
1.1	1	7.401400541	omentum
0.9	1	7.431363764	omentum
1	1	7.442479769	omentum
1.1	1	7.481442629	omentum
0.9	1	7.712649702	omentum
1	1	7.727541257	omentum
1.1	1	7.800029359	omentum
0.9	1	8.315970345	omentum
1.9	2	4.158362492	M-LN
2	2	4.818225894	M-LN
2.1	2	4.85672889	M-LN
1.9	2	5.06069784	M-LN
2	2	5.487138375	M-LN
2.1	2	5.514547753	M-LN
1.9	2	6.193124598	M-LN
2	2	6.201397124	M-LN
2.1	2	6.326335861	M-LN
1.9	2	6.618048097	M-LN
2	2	6.630427875	M-LN
2.1	2	6.641474111	M-LN
1.9	2	7.029383778	M-LN
2	2	7.103803721	M-LN
2.1	2	7.472756449	M-LN
1.9	2	7.63748973	M-LN
2	2	7.790988475	M-LN
2.1	2	7.853698212	M-LN
1.9	2	8.474216264	M-LN
2.9	3	4.093421685	spleen
3	3	4.559906625	spleen
3.1	3	4.653212514	spleen
2.9	3	4.820857989	spleen
3	3	4.931966115	spleen
3.1	3	5.285557309	spleen
2.9	3	5.285557309	spleen
3	3	5.324282455	spleen
3.1	3	6.58546073	spleen
2.9	3	6.611723308	spleen
3	3	6.669316881	spleen
3.1	3	6.818885415	spleen
2.9	3	7.173186268	spleen
3	3	7.209515015	spleen
3.1	3	7.409933123	spleen
2.9	3	7.739572344	spleen
3	3	7.853698212	spleen
3.1	3	7.992111488	spleen
2.9	3	8.056904851	spleen
3.9	4	4.64	Acites
4	4	4.71	Acites
4.1	4	4.89	Acites
3.9	4	5.00	Acites
4	4	5.25	Acites
4.1	4	5.39	Acites
3.9	4	5.42	Acites
4	4	5.69	Acites
4.1	4	5.75	Acites
3.9	4	5.89	Acites
4	4	5.93	Acites
4.1	4	6.15	Acites
3.9	4	6.16	Acites
4	4	6.32	Acites
4.1	4	6.42	Acites
3.9	4	6.45	Acites
4	4	6.69	Acites
4.1	4	7.12	Acites
3.9	4	7.17	Acites
4.9	5	3.004321374	Liver
5	5	3.120573931	Liver
5.1	5	3.522444234	Liver
4.9	5	3.705007959	Liver
5	5	4.053078443	Liver
5.1	5	4.198657087	Liver
4.9	5	4.292256071	Liver
5	5	4.488550717	Liver
5.1	5	4.607455023	Liver
4.9	5	4.935003151	Liver
5	5	5.041392685	Liver
5.1	5	5.900913068	Liver
4.9	5	6.056904851	Liver
5	5	6.36361198	Liver
5.1	5	6.404833717	Liver
4.9	5	6.764922985	Liver
5	5	7.281033367	Liver
5.1	5	7.421603927	Liver
4.9	5	NA	Liver
5.9	6	2.945960704	feces
6	6	3.975891136	feces
6.1	6	4.053078443	feces
5.9	6	4.096910013	feces
6	6	4.264817823	feces
6.1	6	4.46834733	feces
5.9	6	4.546542663	feces
6	6	4.890979597	feces
6.1	6	4.94792362	feces
5.9	6	5.049218023	feces
6	6	5.225309282	feces
6.1	6	5.367355921	feces
5.9	6	5.376576957	feces
6	6	5.638489257	feces
6.1	6	6.595496222	feces
5.9	6	NA	feces
6	6	NA	feces
6.1	6	NA	feces
5.9	6	NA	feces
6.9	7	2.552668216	lung 
7	7	2.552668216	lung 
7.1	7	2.552668216	lung 
6.9	7	3.155336037	lung 
7	7	3.348304863	lung 
7.1	7	3.5132176	lung 
6.9	7	3.557507202	lung 
7	7	3.635483747	lung 
7.1	7	3.72916479	lung 
6.9	7	3.881954971	lung 
7	7	3.965671971	lung 
7.1	7	4.33243846	lung 
6.9	7	4.344392274	lung 
7	7	4.385606274	lung 
7.1	7	4.664641976	lung 
6.9	7	5.883093359	lung 
7	7	5.898176483	lung 
7.1	7	6.181843588	lung 
6.9	7	NA	lung 
7.9	8	2.552668216	heart
8	8	2.837588438	heart
8.1	8	2.856124444	heart
7.9	8	3.195899652	heart
8	8	3.318063335	heart
8.1	8	3.380211242	heart
7.9	8	3.73479983	heart
8	8	3.845718018	heart
8.1	8	3.92992956	heart
7.9	8	4.021189299	heart
8	8	4.149219113	heart
8.1	8	4.152288344	heart
7.9	8	4.431363764	heart
8	8	4.53529412	heart
8.1	8	4.547774705	heart
7.9	8	5.037426498	heart
8	8	NA	heart
8.1	8	NA	heart
7.9	8	NA	heart
8.9	9	2.72427587	pop-LN
9	9	2.888740961	pop-LN
9.1	9	2.954724791	pop-LN
8.9	9	3.28780173	pop-LN
9	9	3.320146286	pop-LN
9.1	9	3.444044796	pop-LN
8.9	9	3.459392488	pop-LN
9	9	3.599883072	pop-LN
9.1	9	3.662757832	pop-LN
8.9	9	3.944975908	pop-LN
9	9	4.053078443	pop-LN
9.1	9	4.361727836	pop-LN
8.9	9	4.389166084	pop-LN
9	9	4.671172843	pop-LN
9.1	9	NA	pop-LN
8.9	9	NA	pop-LN
9	9	NA	pop-LN
9.1	9	NA	pop-LN
8.9	9	NA	pop-LN
9.9	10	2.552668216	kidney
10	10	2.552668216	kidney
10.1	10	2.967079734	kidney
9.9	10	3.06069784	kidney
10	10	3.31386722	kidney
10.1	10	3.320146286	kidney
9.9	10	3.336459734	kidney
10	10	3.356025857	kidney
10.1	10	3.380211242	kidney
9.9	10	3.482873584	kidney
10	10	3.73479983	kidney
10.1	10	3.73479983	kidney
9.9	10	3.746634199	kidney
10	10	3.80685803	kidney
10.1	10	4.049218023	kidney
9.9	10	4.397940009	kidney
10	10	4.494154594	kidney
10.1	10	4.631443769	kidney
9.9	10	NA	kidney
10.9	11	NA	WBC
11	11	NA	WBC
11.1	11	NA	WBC
10.9	11	NA	WBC
11	11	NA	WBC
11.1	11	NA	WBC
10.9	11	NA	WBC
11	11	NA	WBC
11.1	11	2.552668216	WBC
10.9	11	2.552668216	WBC
11	11	2.552668216	WBC
11.1	11	2.552668216	WBC
10.9	11	2.984977126	WBC
11	11	3.068185862	WBC
11.1	11	3.10720997	WBC
10.9	11	3.193124598	WBC
11	11	3.365487985	WBC
11.1	11	3.46834733	WBC
10.9	11	3.755874856	WBC
