ID	ADCYC	ADCYC	BM6506	BM6506	CELB9	CELB9	ETH152	ETH152	SBTD04_3	SBTD04_3	SBTD05_4	SBTD05_4	SBTD06_2	SBTD06_2	SBTD07_5	SBTD07_5	SRY	SRY	TGLA94	TGLA94
S16-2051_0	239	241	194	196	227	229	223	239	255	267	122	126	194	198	178	190	200	200	141	141
S16-2054_0	239	241	196	196	233	233	-99				122	134	190	198	164	190	200	200	129	141
S16-2056_0	239	239	196	196	233	233	223	231	265	273	122	130	190	194	160	186	200	200	121	141
S16-2060_0	239	241	194	194	233	233	231	231	255	273	122	130	182	190	160	182	180	180	121	141
S16-2066_0	241	241	194	196			219	227	277	277	128	134	190	190	190	194	200	200	121	141
S16-2067_0	239	241	196	196	231	231	217	217	263	263	122	128	190	194	160	160	200	200	121	141
S16-2070_0	241	241	196	196	227	227	223	227	261	277	128	134	182	182	164	170	180	180	121	141
S16-2072_0	239	241	196	200	233	233	219	219	245	255	126	128	190	190	164	182	180	180	121	141
S16-2073_0	239	241	194	200	227	241	227	231	263	273	130	130	190	190	160	190	200	200	119	121
S16-2074_0	239	239	194	196	227	231	219	219	269	273	128	128	190	190	164	182	200	200	119	141
S16-2076_0	241	241	200	200	227	227	-99	-99	269	273	122	138	-99	-99	160	160	200	200	121	139
S16-2077_0	241	241	200	200	227	229	219	223	273	273	122	126	190	190	160	190	200	200	141	141
S16-2079_0	239	241	196	200	227	233	219	231	255	255	134	138	190	190	178	182	200	200	141	141
S16-2080_0	241	241	196	198	239	239	231	235	255	263	126	134	190	190	186	190	180	180	141	141
S16-2082_0	241	241	196	198	229	239	219	219	255	273	126	134	182	190	186	190	200	200	121	141
S16-2083_0	239	241	196	196	233	235	227	231	269	269	126	126	182	190	164	178	200	200	121	121
S16-2084_0	241	241	196	198	227	227	213	223	273	273	-99	-99	190	190	164	164	200	200	121	141
S16-2091_0	241	241	196	196	231	233	217	223	273	273	122	126	190	190	190	190	200	200	141	141
S16-2093_0	241	241	196	198	233	233	219	227	245	277	126	134	190	190	162	170	180	180	141	141
S16-2096_0	239	241	196	196	227	235	219	231	245	269	122	138	182	194	178	190	200	200	121	121
S16-2097_0	241	241	196	196	233	233	231	231	-99	-99	122	138	182	190	190	190	200	200	121	141
S16-2203_0	241	241	194	200	233	233	231	231	263	273	128	138	182	190	190	190	200	200	121	141
S16-2100_0	239	241	196	196	231	231	213	227	273	285	126	134	190	190	178	178	180	180	119	121
S16-2103_0	241	241	194	196	233	233	227	235	263	273	122	134	190	190	170	190	180	180	121	141
S16-2108_0	239	241	196	196	227	235	219	229	263	273	134	134	190	190	190	198	200	200	121	141
S16-2111_0	239	241	196	200	231	235	219	227	245	253	122	134	182	190	164	182	200	200	121	121
S16-2112_0	239	239	194	196	227	227	221	223	277	277	128	134	182	190	160	194	180	180	121	129
S16-2119_0	239	241	196	196	229	231	219	219	273	277	122	126	190	198	182	190	200	200	121	141
S16-2122_0	241	241	194	196	233	233	223	235	273	281	128	134	190	190	182	190	180	180	129	129
S16-2123_0	239	241	200	200	233	235	213	227	253	253	128	134	182	190	182	182	200	200	121	129
S16-2125_0	239	239	196	200	233	235	227	227	245	253	122	134	190	198	164	182	200	200	121	121
S16-2127_0	239	241	196	196	227	227	219	235	253	273	126	128	194	194	160	190	180	180	141	141
S16-2128_0	241	241	196	198	227	229	217	219	261	273	122	130	190	190	190	194	200	200	121	141
S16-2129_0	241	241	194	196	233	233	219	219	255	289	128	134	190	190	164	182	200	200	141	141
S16-2130_0	239	241	196	200	233	233	213	219	255	261	122	138	182	190	190	190	200	200	129	141
S16-2131_0	239	241	196	196	227	227	-99	-99	261	273	130	134	182	190	164	182	200	200	121	129
S16-2133_0	241	241	194	196	227	233	219	227	267	277	128	128	190	194	186	194	200	200	121	141
S16-2134_0	241	241	194	200	229	239	213	223	267	285	122	126	190	194	164	178	200	200	141	141
S16-2137_0	241	241	196	196	231	233	223	227	255	289	122	122	190	198	190	190	200	200	129	141
S16-2140_0	239	241	196	196	227	227	227	235	245	263	128	130	190	194	182	182	180	180	121	141
S16-2144_0	241	241	196	196	233	233	235	235	-99	-99	122	128	190	190	190	190	200	200	121	121
S16-2147_0	241	241	194	196	227	229	227	229	277	285	122	128	190	194	178	186	200	200	121	141
S16-2154_0	239	239	196	196	229	233	227	239	261	273	126	138	190	190	164	190	200	200	121	121
S16-2158_0	239	241	194	196	227	233	213	231	245	255	122	126	182	190	164	182	200	200	141	141
S16-2167_0	241	241	200	200	227	233	221	227	277	277	122	128	190	198	182	182	200	200	121	129
S16-2168_0	239	241	196	200	233	239	219	231	255	273	134	138	190	198	160	178	200	200	129	141
S16-2170_0	239	241	196	198	227	239	219	231	255	285	126	134	182	190	178	186	200	200	141	141
S16-2175_0	239	241	196	196	233	233	219	227	277	281	122	126	190	194	182	198	180	180	141	141
S16-2176_0	239	241	194	196	227	241	213	223	273	273	126	134	190	190	164	190	200	200	121	141
S16-2179_0	239	239	196	196	233	233	213	231	255	255	122	134	182	190	178	190	200	200	121	121
S16-2181_0	241	241	196	200	233	233	213	219	263	281	122	126	182	190	182	190	200	200	119	121
S16-2185_0	239	241	198	198	227	227	223	231	263	273	128	138	190	190	160	160	180	180	121	141
S16-2186_0	241	241	194	196	233	235	219	231	-99	-99	128	134	182	194	190	190	200	200	121	121
S16-2187_0	239	241	196	198	227	227	219	231	273	273	128	138	182	190	190	190	180	180	121	121
S16-2188_0	241	241	194	196	235	235	219	231	267	267	122	128	182	194	182	182	200	200	121	129
S16-2202_0	241	241	196	200	229	233	213	219	273	277	122	122	190	190	190	198	200	200	121	121
S16-2206_0	241	241	196	200	233	233	219	219	273	277	126	128	190	194	160	190	200	200	119	121
S16-2207_0	239	239	194	200	233	233	219	231	245	261	128	138	190	190	170	190	180	180	141	141
S16-2215_0	241	241	196	196	233	233	219	231	273	273	122	138	190	198	182	190	180	180	121	121
S16-2216_0	239	241	196	198	229	233	219	227	273	273	128	134	194	194	190	190	200	200	121	141
S16-2218_0	241	241	196	198	229	233	219	223	273	289	126	134	190	190	186	190	200	200	121	141
S16-2219_0	239	241	196	198	227	229	219	223	261	289	130	134	190	194	182	186	200	200	129	141
S16-2220_0	241	241	196	196	231	233	217	219	269	277	122	128	190	190	164	190	200	200	121	141
S16-2222_0	239	241	194	194	233	233	213	219	255	255	122	138	182	190	164	168	180	180	121	121
S16-2223_0	239	241	196	200	227	233	213	235	273	277	128	128	190	198	182	190	200	200	121	141
S16-2224_0	239	241	196	200	227	235	223	235	249	267	122	134	194	198	182	190	200	200	121	129
S16-2225_0	239	241	198	200	227	227	219	231	273	281	122	134	194	198	160	190	180	180	121	121
S16-2226_0	-99	-99	194	196	235	235	213	213	-99	-99	122	138	182	198	164	190	200	200	123	141
S16-2228_0	-99	-99	194	196	231	233	219	231	253	253	122	128	190	190	170	170	200	200	141	141
S16-2231_0	241	241	194	194	227	229	219	231	255	281	144	144	182	190	160	190	200	200	121	141
S16-2232_0	241	241	196	200	227	227	219	219	255	273	126	134	190	190	160	160	180	180	121	141
S16-2248_0	239	241	196	196	235	235	219	231	253	269	122	134	182	182	182	190	200	200	121	141
S16-2249_0	241	241	196	196	229	229	227	229	273	285	122	138	190	190	178	182	180	180	141	141
S16-2255_0	241	241	196	196	227	227	227	227	255	277	134	138	182	190	190	190	200	200	121	141
S16-2256_0	241	241	196	196	233	233	227	231	245	261	122	128	190	198	190	190	180	180	119	141
S16-2257_0	239	239	194	196	227	233	219	231	245	255	122	126	182	190	178	182	200	200	121	141
S16-2262_0	239	241	196	196	233	233	223	231	245	277	128	134	182	190	160	182	180	180	119	121
S16-2266_0	239	241	194	194	227	233	219	235	245	273	128	138	190	194	182	182	200	200	141	141
S16-2269_0	241	241	196	196	233	235	227	231	273	273	122	126	190	198	190	198	200	200	121	141
S16-2275_0	241	241	196	198	233	239	223	231	273	277	126	134	182	182	182	190	200	200	141	141
S16-2276_0	241	241	196	196	239	239	219	231	273	289	128	134	182	190	190	190	180	180	121	121
S16-2277_0	-99	-99	194	198	227	227	219	221	281	289	-99	-99	190	190	160	190	180	180	121	121
S16-2278_0	239	241	194	200	235	235	217	219	267	277	122	138	182	198	182	182	200	200	121	129
S16-2279_0	239	241	196	200	233	233	213	235	273	285	134	138	190	190	170	182	180	180	141	141
S16-2281_0	-99	-99	196	200	-99	-99	213	227	263	263	126	126	182	190	182	190	200	200	121	129
S16-2283_0	241	241	200	200	229	233	213	213	263	277	134	144	190	194	160	182	200	200	121	141
S16-2284_0	239	241	196	200	233	233	223	227	255	261	122	134	190	190	160	160	200	200	121	121
S16-2291_0	239	241	200	200	227	233	213	227	263	277	134	138	190	194	178	194	200	200	121	121
S16-2296_0	-99	-99	196	200	227	227	227	239	255	263	-99	-99	182	190	160	182	200	200	121	121
S16-2297_0	239	241	196	196	231	231	227	227	273	277	134	138	190	194	160	178	180	180	119	141
S16-2302_0	241	241	196	198	233	233	227	227	255	277	134	134	190	194	186	190	180	180	121	121
S16-2335_0	239	241	198	200	231	233	223	231	255	273	122	134	190	190	182	194	200	200	141	141
S16-2336_0	241	241	200	200	227	231	227	227	261	261	134	134	190	194	182	194	200	200	119	141
S16-2337_0	241	241	196	200	231	231	227	227	277	277	134	134	190	190	190	194	200	200	121	121
S16-2352_0	-99	-99	196	200	227	227	227	231	255	255	122	134	190	190	190	194	200	200	121	141
S16-2358_0	241	241	196	196	233	233	227	231	273	273	122	122	190	194	190	190	200	200	121	121
S16-2381_0	-99	-99	200	200	-99	-99	217	231	263	263	144	144	190	190	186	194	180	180	141	141
S16-2390_0	-99	-99	196	200	-99	-99	219	223	273	277	126	128	190	194	186	190	180	180	121	141
S16-2391_0	239	241	196	200	227	227	213	231	253	273	122	144	190	190	178	190	200	200	129	141
S16-2394_0	239	239	196	200	-99	-99	213	213	273	277	-99	-99	190	190	190	190	180	180	121	129
S16-2398_0	239	239	194	200	231	231	213	227	255	263	134	138	182	190	190	194	180	180	121	121
S16-2399_0	-99	-99	196	200	-99	-99	213	219	273	273	128	128	190	190	186	194	180	180	121	129
S16-2402_0	239	239	196	200	229	231	213	213	263	263	128	134	182	190	182	190	200	200	121	121
S16-2405_0	-99	-99	196	196	227	227	213	239	255	277	134	134	182	190	164	178	200	200	121	121
S16-2407_0	239	239	196	196	233	233	227	227	261	277	134	134	190	190	194	194	180	180	121	121
S16-2409_0	239	241	200	200	231	231	223	235	263	273	122	134	190	190	182	194	200	200	121	121
S16-2411_0	239	241	196	198	233	233	219	227	255	277	134	144	182	190	178	182	200	200	121	121
S16-2413_0	239	241	200	200	227	227	223	227	261	277	122	134	190	190	190	190	180	180	121	121
S16-2415_0	241	241	196	200	231	231	219	227	277	277	134	134	190	190	164	190	200	200	121	121
S16-2423_0	-99	-99	198	200	-99	-99	227	227	255	255	126	126	190	194	178	194	180	180	121	121
S16-2429_0	239	241	196	200	227	227	223	235	269	273	134	134	198	198	178	190	180	180	119	119
S16-2441_0	241	241	196	200	227	231	223	235	273	277	134	134	190	198	190	194	200	200	121	121
S16-2442_0	241	241	200	200	227	231	223	227	255	273	134	134	190	198	190	194	200	200	121	121
S16-2444_0	239	241	196	200	231	231	223	227	261	277	122	134	190	190	190	194	180	180	121	121
S16-2452_0	239	241	196	196	227	231	217	227	261	261	134	138	190	190	190	190	180	180	121	141
S16-2455_0	239	239	196	200	233	233	213	239	263	277	138	138	190	194	160	190	180	180	129	141
S16-2456_0	239	239	196	200	231	233	217	227	277	277	128	134	190	190	164	178	200	200	121	141
S16-2459_0	241	241	196	196	233	233	219	231	267	273	122	128	190	194	190	194	180	180	121	121
S16-2465_0	239	241	198	200	227	227	227	231	277	277	122	130	190	190	190	190	180	180	121	141
S16-2466_0	241	241	194	194	235	235	217	227	253	267	122	122	182	190	164	182	180	180	121	141
S16-2467_0	241	241	196	200	231	233	213	231	263	273	134	138	182	190	190	190	200	200	119	121
S16-2475_0	241	241	196	200	231	231	223	239	277	277	126	144	190	190	164	182	200	200	129	129
S16-2478_0	239	241	196	200	227	227	223	227	255	273	122	134	190	198	164	194	180	180	121	141
S16-2480_0	239	241	196	198	231	231	213	239	255	273	134	134	190	194	160	190	200	200	119	141
S16-2481_0	239	239	200	200	231	231	213	227	255	255	134	134	190	194	190	190	200	200	121	121
S16-2482_0	239	239	196	200	233	233	213	227	255	273	134	134	190	190	178	190	180	180	121	121
S16-2483_0	239	239	196	196	233	233	223	239	255	277	122	126	190	190	178	190	180	180	121	121
S16-2484_0	239	241	196	200	229	229	227	231	277	277	122	134	190	190	164	194	180	180	121	121
S16-2488_0	239	241	196	200	227	233	219	227	261	273	122	144	190	194	182	190	200	200	141	141
S16-2489_0	239	241	196	196	233	233	227	227	263	277	126	134	190	190	178	190	200	200	121	141
S16-2494_0	241	241	196	200	227	227	213	223	255	273	134	134	190	190	160	182	180	180	121	129
S16-2499_0	239	239	196	200	227	227	217	223	255	261	134	134	182	190	164	190	180	180	119	121
S16-2500_0	241	241	196	198	231	231	213	239	281	289	122	126	182	190	190	190	180	180	119	121
S16-2504_0	239	241	200	200	231	231	213	231	273	277	126	134	182	190	178	194	200	200	119	121
S16-2509_0	239	239	196	200	231	231	227	227	255	273	134	134	190	194	182	190	200	200	121	121
S16-2522_0	241	241	200	200	231	231	217	227	269	273	122	134	190	194	190	190	200	200	119	141
S16-2529_0	241	241	196	196	227	227	227	239	255	273	122	134	190	190	164	190	180	180	121	121
S16-2531_0	241	241	196	196	227	233	219	231	245	273	128	134	190	198	190	190	200	200	119	141
S16-2532_0	-99	-99	198	200	-99	-99	223	223	245	277	134	138	182	190	190	190	200	200	121	129
S16-2533_0	239	239	196	196	233	233	227	239	277	277	134	134	190	194	190	190	180	180	119	129
S16-2535_0	-99	-99	200	200	231	231	213	223	255	277	122	126	182	190	190	190	200	200	121	121
S16-2536_0	239	241	200	200	227	233	223	227	273	273	134	134	190	190	190	190	200	200	121	121
S16-2537_0	239	241	196	198	231	233	213	223	263	277	126	134	182	190	190	190	200	200	119	119
S16-2543_0	239	241	196	196	227	227	219	223	245	255	122	122	190	190	160	164	180	180	141	141
S16-2544_0	241	241	196	200	227	233	217	227	273	277	122	134	182	190	178	182	180	180	119	121
S16-2212_0	241	241	196	200	227	233	227	231	277	289	122	134	182	190	190	190	200	200	121	141
S16-2355_0	241	241	196	200	227	233	227	231	245	277	134	138	182	198	190	190	200	200	121	141
S16-2486_0	241	241	196	200	231	233	227	227	255	277	122	122	190	194	190	190	200	200	121	121
S16-2538_0	241	241	196	200	227	231	213	227	255	289	122	122	190	194	190	190	200	200	121	121
S16-2078_0	-99	-99	196	200	233	233	-99	-99	263	263	120	130	186	190	190	190	200	200	121	141
S16-2368_0	-99	-99	196	200	231	231	223	231	-99	-99	122	138	190	190	190	194	200	200	121	141
S16-2094_1	239	241	196	198	227	227	219	223	261	273	128	130	190	194	182	190	180	180	121	129
S16-2095_1	239	241	196	198	227	227	219	223	261	273	128	130	190	194	182	190	180	180	121	129
S16-2098_2	241	241	196	200	233	233	219	231	245	277	126	134	182	194	182	190	180	180	121	121
S16-2102_2	241	241	196	200	233	233	219	231	245	277	126	134	182	194	182	190	180	180	121	121
S16-2362_2	241	241	196	200	-99	-99	219	231	245	245	126	134	182	194	182	190	180	180	121	121
S16-2105_3	241	241	196	196	233	233	213	219	263	277	122	126	190	194	190	190	180	180	121	141
S16-2106_3	241	241	196	196	233	233	213	219	263	277	122	126	190	194	190	190	180	180	121	141
S16-2118_4	239	239	196	198	231	231	219	219	273	277	126	126	182	190	164	182	180	180	121	121
S16-2120_4	239	239	196	198	231	231	219	219	273	277	126	126	182	190	164	182	180	180	121	121
S16-2124_5	241	241	196	200	227	227	213	219	245	263	122	134	182	190	190	190	180	180	119	141
S16-2126_5	241	241	196	200	227	227	213	219	245	263	122	134	182	190	190	190	180	180	119	141
S16-2229_5	241	241	196	200	227	227	213	219	245	263	122	134	182	190	190	190	180	180	119	141
S16-2132_6	239	241	198	200	233	233	223	227	261	261	122	130	194	198	164	182	180	180	121	129
S16-2150_6	239	241	198	200	233	233	223	227	261	261	122	130	194	198	164	182	180	180	121	129
S16-2138_7	241	241	194	196	231	231	223	227	263	273	122	128	190	190	178	190	180	180	141	141
S16-2141_7	241	241	194	196	231	231	223	227	263	273	122	128	190	190	178	190	180	180	141	141
S16-2156_8	241	241	196	196	233	233	227	235	277	277	134	138	182	182	178	190	180	180	121	141
S16-2157_8	241	241	196	196	233	233	227	235	277	277	134	138	182	182	178	190	180	180	121	141
S16-2210_9	239	241	194	196	233	233	213	219	273	273	122	138	190	190	190	190	180	180	129	141
S16-2211_9	239	241	194	196	233	233	213	219	273	273	122	138	190	190	190	190	180	180	129	141
S16-2213_9	239	241	194	196	233	233	213	219	273	273	122	138	190	190	190	190	180	180	129	141
S16-2217_9	239	241	194	196	233	233	213	219	273	273	122	138	190	190	190	190	180	180	129	141
S16-2221_9	239	241	194	196	233	233	213	219	273	273	122	138	190	190	190	190	180	180	129	141
S16-2371_9	239	241	194	196	233	233	213	219	273	273	122	138	190	190	190	190	180	180	129	141
S16-2372_9	239	241	194	196	233	233	213	219	273	273	122	138	190	190	190	190	180	180	129	141
S16-2251_10	241	241	196	196	233	233	227	231	277	277	122	128	182	190	182	190	180	180	121	141
S16-2254_10	241	241	196	196	233	233	227	231	277	277	122	128	182	190	182	190	180	180	121	141
S16-2307_11	241	241	196	200	231	231	223	239	273	273	134	134	190	194	190	194	180	180	119	129
S16-2312_11	241	241	196	200	231	231	223	239	273	273	134	134	190	194	190	194	180	180	119	129
S16-2507_11	241	241	196	200	231	231	223	239	273	273	-99	-99	190	194	190	194	180	180	119	129
S16-2313_12	239	241	200	200	233	233	223	227	255	277	134	134	182	198	164	198	180	180	121	121
S16-2324_12	239	241	200	200	233	233	223	227	255	277	134	134	182	198	164	198	180	180	121	121
S16-2328_13	241	241	196	200	231	231	217	227	255	269	122	134	190	194	190	194	180	180	121	141
S16-2329_13	241	241	196	200	231	231	217	227	255	269	122	134	190	194	190	194	180	180	121	141
S16-2340_14	239	241	198	200	227	227	227	227	255	277	134	138	190	194	194	194	180	180	121	121
S16-2341_14	239	241	198	200	227	227	227	227	255	277	134	138	190	194	194	194	180	180	121	121
S16-2346_15	241	241	200	200	231	231	219	227	277	277	134	138	190	190	190	190	180	180	121	121
S16-2347_15	241	241	200	200	231	231	219	227	277	277	134	138	190	190	190	190	180	180	121	121
S16-2351_16	239	241	196	196	231	231	219	239	255	277	134	134	190	194	190	194	180	180	121	141
S16-2353_16	239	241	196	196	231	231	219	239	255	277	134	134	190	194	190	194	180	180	121	141
S16-2354_16	239	241	196	196	231	231	219	239	255	277	134	134	190	194	190	194	180	180	121	141
S16-2448_17	239	241	200	200	227	227	231	231	261	277	126	134	190	190	160	190	180	180	119	141
S16-2449_17	239	241	200	200	227	227	231	231	261	277	126	134	190	190	160	190	180	180	119	141
S16-2450_17	239	241	200	200	227	227	231	231	261	277	126	134	190	190	160	190	180	180	119	141
S16-2451_17	239	241	200	200	227	227	231	231	261	277	126	134	190	190	160	190	180	180	119	141
S16-2495_17	239	241	200	200	227	227	231	231	261	277	126	134	190	190	160	190	180	180	119	141
S16-2496_17	241	241	200	200	227	227	231	231	261	277	126	134	190	190	160	190	180	180	119	141
S16-2052_18	241	241	196	200	231	233	219	231	245	255	122	138	190	190	170	190	200	200	119	141
S16-2053_18	241	241	196	200	231	233	219	231	245	255	122	138	190	190	170	190	200	200	119	141
S16-2055_19	239	241	194	194	233	235	219	219	273	277	122	128	182	194	182	190	200	200	121	141
S16-2068_19	239	241	194	194	233	235	219	219	273	277	122	128	182	194	182	190	200	200	121	141
S16-2142_19	239	241	194	194	233	235	219	219	273	277	122	128	182	194	182	190	200	200	121	141
S16-2057_20	241	241	194	196	231	233	219	223	263	273	128	134	190	190	160	190	200	200	141	141
S16-2139_20	241	241	194	196	231	233	219	223	263	273	128	134	190	190	160	190	200	200	141	141
S16-2058_21	241	241	196	196	229	233	217	239	245	255	122	134	190	198	178	190	200	200	141	141
S16-2065_21	241	241	196	196	229	233	217	239	245	255	122	134	190	198	178	190	200	200	141	141
S16-2061_22	239	241	196	198	227	231	219	227	255	277	128	134	182	182	164	190	200	200	121	141
S16-2062_22	239	241	196	198	227	231	219	227	255	277	128	134	182	182	164	190	200	200	121	141
S16-2063_22	239	241	196	198	227	231	219	227	255	277	128	134	182	182	164	190	200	200	121	141
S16-2064_22	239	241	196	198	227	231	219	227	255	277	128	134	182	182	164	190	200	200	121	141
S16-2069_22	239	241	196	198	227	231	219	227	255	277	128	134	182	182	164	190	200	200	121	141
S16-2059_22	239	241	196	198	227	231	-99	-99	255	255	128	134	182	182	164	190	200	200	121	141
S16-2145_22	241	241	196	198	227	231	219	227	255	277	128	134	182	182	164	190	200	200	121	141
S16-2071_23	239	239	196	196	227	233	231	241	253	273	128	134	190	194	190	190	200	200	121	141
S16-2252_23	239	239	196	196	227	233	231	241	253	273	128	134	190	194	190	190	200	200	121	141
S16-2075_24	239	241	194	200	233	241	223	227	273	273	126	134	182	190	160	190	200	200	121	141
S16-2177_24	239	241	194	200	233	241	223	227	273	273	126	134	182	190	160	190	200	200	121	141
S16-2085_25	241	241	196	200	233	233	227	227	263	277	130	134	190	190	190	190	180	180	121	141
S16-2086_25	241	241	196	200	233	233	227	227	263	277	130	134	190	190	190	190	180	180	121	141
S16-2357_25	241	241	196	200	233	233	227	227	263	277	130	134	190	190	190	190	180	180	121	141
S16-2087_26	241	241	196	200	231	235	213	217	273	277	122	126	190	190	190	190	200	200	141	141
S16-2092_26	241	241	196	200	231	235	213	217	273	277	122	126	190	190	190	190	200	200	141	141
S16-2104_26	241	241	196	200	231	235	213	217	273	277	122	126	190	190	190	190	200	200	141	141
S16-2208_26	241	241	196	200	231	235	213	217	273	277	122	126	190	190	190	190	200	200	141	141
S16-2089_27	239	241	196	200	231	235	213	223	273	277	122	134	190	190	190	190	200	200	121	141
S16-2090_27	239	241	196	200	231	235	213	223	273	277	122	134	190	190	190	190	200	200	121	141
S16-2101_28	239	241	196	200	227	231	213	235	263	277	122	128	190	194	160	190	200	200	121	129
S16-2214_28	239	241	196	200	227	231	213	235	263	277	122	128	190	194	160	190	200	200	121	129
S16-2107_29	241	241	196	196	227	233	227	229	263	277	126	134	190	190	190	190	200	200	121	121
S16-2109_29	241	241	196	196	227	233	227	229	263	277	126	134	190	190	190	190	200	200	121	121
S16-2110_29	241	241	196	196	227	233	227	229	263	277	126	134	190	190	190	190	200	200	121	121
S16-2114_30	239	241	194	196	227	229	219	231	245	255	134	138	190	190	190	190	200	200	121	141
S16-2115_30	239	241	194	196	227	229	219	231	245	255	134	138	190	190	190	190	200	200	121	141
S16-2116_31	239	241	194	196	229	233	219	231	245	245	134	134	190	190	164	190	200	200	141	141
S16-2117_31	239	241	194	196	229	233	219	231	245	245	134	134	190	190	164	190	200	200	141	141
S16-2136_32	241	241	194	198	227	233	219	219	273	277	128	134	194	194	190	194	200	200	121	141
S16-2143_32	241	241	194	198	227	233	219	219	273	277	128	134	194	194	190	194	200	200	121	141
S16-2148_32	241	241	194	198	227	233	219	219	273	277	128	134	194	194	190	194	200	200	121	141
S16-2149_32	241	241	194	198	227	233	219	219	273	277	-99	-99	194	194	190	194	200	200	121	141
S16-2160_33	239	241	196	198	233	233	219	223	255	265	122	134	194	198	164	186	200	200	121	141
S16-2161_33	239	241	196	198	233	233	219	223	255	265	122	134	194	198	164	186	200	200	121	141
S16-2264_33	239	241	196	198	233	233	219	223	255	265	122	134	194	198	164	186	200	200	121	141
S16-2162_34	239	241	194	196	227	233	217	219	255	261	134	144	190	190	190	190	200	200	119	129
S16-2163_34	239	241	194	196	227	233	217	219	255	261	134	144	190	190	190	190	200	200	119	129
S16-2165_35	239	241	196	196	235	241	213	227	273	277	122	130	190	198	190	198	200	200	121	121
S16-2267_35	239	241	196	196	235	241	213	227	273	277	122	130	190	198	190	198	200	200	121	121
S16-2190_36	239	241	194	200	235	237	219	231	253	267	134	138	190	198	164	182	200	200	129	141
S16-2191_36	239	241	194	200	235	237	219	231	253	267	134	138	190	198	164	182	200	200	129	141
S16-2463_36	239	241	194	200	235	237	219	231	253	267	134	138	190	198	164	182	200	200	129	141
S16-2460_36	239	239	194	200	-99	-99	219	231	253	267	134	138	190	198	164	182	200	200	129	141
S16-2193_37	241	241	196	196	233	235	223	227	245	277	128	134	182	190	182	194	200	200	121	141
S16-2195_37	241	241	196	196	233	235	223	227	245	277	128	134	182	190	182	194	200	200	121	141
S16-2198_37	241	241	196	196	233	235	223	227	245	277	128	134	182	190	182	194	200	200	121	141
S16-2194_38	239	241	194	200	235	235	217	219	267	273	122	134	182	190	182	190	200	200	121	129
S16-2462_38	239	241	194	200	235	235	217	219	267	273	122	134	182	190	182	190	200	200	121	129
S16-2201_38	-99	-99	194	200	235	235	217	219	-99	-99	122	122	182	190	182	190	200	200	121	129
S16-2227_39	239	241	196	196	233	235	213	219	249	273	134	138	182	182	182	186	200	200	121	141
S16-2378_39	239	241	196	196	233	235	213	219	249	273	134	138	182	182	182	186	200	200	121	141
S16-2242_40	239	241	198	200	233	233	221	227	273	281	126	138	190	198	160	160	200	200	141	141
S16-2392_40	239	241	198	200	233	233	221	227	273	281	126	138	190	198	160	160	200	200	141	141
S16-2263_41	241	241	196	200	233	235	227	235	245	273	126	138	190	198	190	198	200	200	121	141
S16-2270_41	241	241	196	200	233	235	227	235	245	273	126	138	190	198	190	198	200	200	121	141
S16-2272_42	239	241	196	196	227	233	231	235	255	273	126	134	190	190	186	190	200	200	121	141
S16-2274_42	239	241	196	196	227	233	231	235	255	273	126	134	190	190	186	190	200	200	121	141
S16-2280_43	241	241	196	200	231	231	219	231	277	277	128	138	182	190	160	190	200	200	121	121
S16-2282_43	241	241	196	200	231	231	219	231	277	277	128	138	182	190	160	190	200	200	121	121
S16-2288_44	241	241	200	200	227	233	223	227	273	277	122	126	182	190	178	190	200	200	121	121
S16-2289_44	241	241	200	200	227	233	223	227	273	277	122	126	182	190	178	190	200	200	121	121
S16-2292_45	239	241	196	200	229	241	213	221	261	277	126	134	194	194	178	190	200	200	129	141
S16-2299_45	239	241	196	200	229	241	213	221	261	277	126	134	194	194	178	190	200	200	129	141
S16-2293_46	241	241	196	200	227	227	213	227	277	277	128	128	182	190	190	194	200	200	121	121
S16-2412_46	241	241	196	200	227	227	213	227	277	277	128	128	182	190	190	194	200	200	121	121
S16-2300_47	239	241	196	200	231	233	213	227	263	277	122	128	190	190	178	194	200	200	121	121
S16-2301_47	239	241	196	200	231	233	213	227	263	277	122	128	190	190	178	194	200	200	121	121
S16-2414_47	-99	-99	196	200	-99	-99	213	227	263	277	122	128	190	190	178	194	200	200	121	121
S16-2485_47	239	241	196	200	231	233	213	227	263	277	122	128	190	190	178	194	200	200	121	121
S16-2303_48	239	241	200	200	231	233	227	227	255	277	126	134	194	198	164	194	200	200	121	121
S16-2306_48	239	241	200	200	231	233	227	227	255	277	126	134	194	198	164	194	200	200	121	121
S16-2434_48	239	241	200	200	231	233	227	227	255	277	126	134	194	198	164	194	200	200	121	121
S16-2438_48	239	241	200	200	231	233	227	227	255	277	126	134	194	198	164	194	200	200	121	121
S16-2510_48	239	241	200	200	231	233	227	227	255	277	126	134	194	198	164	194	200	200	121	121
S16-2304_49	239	241	196	200	231	231	223	227	273	277	126	134	190	190	182	190	200	200	121	121
S16-2315_49	239	239	196	200	231	231	223	227	273	277	126	134	190	190	182	190	200	200	121	121
S16-2316_49	239	241	196	200	231	231	223	227	273	277	126	134	190	190	182	190	200	200	121	121
S16-2317_49	239	241	196	200	231	231	223	227	273	277	126	134	190	190	182	190	200	200	121	121
S16-2511_49	239	241	196	200	231	231	223	227	273	277	126	134	190	190	182	190	200	200	121	121
S16-2199_50	241	241	194	196	235	237	219	231	-99	-99	122	122	182	190	164	182	200	200	121	141
S16-2461_50	241	241	194	196	235	237	219	231	273	281	122	122	182	190	164	182	200	200	121	141
S16-2464_50	241	241	194	196	235	237	219	231	273	281	122	122	182	190	164	182	200	200	121	141
S16-2189_51	239	239	196	196	227	233	213	231	255	277	128	128	190	194	190	190	200	200	141	141
S16-2236_51	239	239	196	196	227	233	213	231	255	277	-99	128	190	194	190	190	200	200	141	141
S16-2295_52	-99	-99	196	200	227	233	213	227	277	277	122	134	190	194	190	194	200	200	121	121
S16-2298_52	-99	-99	196	200	227	233	213	227	-99	-99	122	134	190	194	190	194	200	200	121	121
S16-2305_53	241	241	200	200	231	231	213	223	255	277	134	134	194	198	194	194	200	200	119	121
S16-2308_53	241	241	200	200	231	231	213	223	255	277	134	134	194	198	194	194	200	200	119	121
S16-2310_53	241	241	200	200	231	231	213	223	255	277	134	134	194	198	194	194	200	200	119	121
S16-2435_53	241	241	200	200	231	231	213	223	255	277	134	134	194	198	194	194	200	200	119	121
S16-2309_54	241	241	196	200	231	233	219	223	255	277	122	134	190	194	190	194	200	200	121	121
S16-2318_54	241	241	196	200	231	233	219	223	255	277	122	134	190	194	190	194	200	200	121	121
S16-2311_55	239	241	200	200	227	231	213	227	269	289	134	134	190	198	194	194	200	200	121	121
S16-2320_55	239	241	200	200	227	231	213	227	269	289	134	134	190	198	194	194	200	200	121	121
S16-2322_55	239	241	200	200	227	231	213	227	269	289	134	134	190	198	194	194	200	200	121	121
S16-2331_55	239	241	200	200	227	231	213	227	269	289	134	134	190	198	194	194	200	200	121	121
S16-2439_55	239	241	200	200	227	231	213	227	269	289	134	134	190	198	194	194	200	200	121	121
S16-2515_55	239	241	200	200	227	231	213	227	269	289	134	134	190	198	194	194	200	200	121	121
S16-2517_55	239	241	200	200	227	231	213	227	269	289	134	134	190	198	194	194	200	200	121	121
S16-2518_55	239	241	200	200	227	231	213	227	269	289	134	134	190	198	194	194	200	200	121	121
S16-2519_55	239	241	200	200	227	231	213	227	269	289	134	134	190	198	194	194	200	200	121	121
S16-2319_56	239	241	200	200	227	231	223	227	255	289	134	134	194	198	190	194	200	200	121	121
S16-2323_56	239	241	200	200	227	231	223	227	255	289	134	134	194	198	190	194	200	200	121	121
S16-2436_56	239	241	200	200	227	231	223	227	255	289	134	134	194	198	190	194	200	200	121	121
S16-2506_56	239	241	200	200	227	231	223	227	255	289	134	134	194	198	190	194	200	200	121	121
S16-2508_56	239	241	200	200	227	231	223	227	255	289	134	134	194	198	190	194	200	200	121	121
S16-2514_56	239	241	200	200	227	231	223	227	255	289	134	134	194	198	190	194	200	200	121	121
S16-2321_57	241	241	196	200	231	231	223	227	273	277	122	122	182	194	190	194	200	200	121	141
S16-2505_57	241	241	196	200	231	231	223	227	273	277	122	122	182	194	190	194	200	200	121	141
S16-2325_58	239	241	196	200	231	233	227	227	255	277	126	134	194	198	182	194	200	200	121	121
S16-2326_58	239	241	196	200	231	233	227	227	255	277	126	134	194	198	182	194	200	200	121	121
S16-2440_58	239	241	196	200	231	233	227	227	255	277	126	134	194	198	182	194	200	200	121	121
S16-2330_59	241	241	200	200	227	231	227	239	277	277	134	134	190	190	182	190	200	200	121	121
S16-2516_59	241	241	200	200	227	231	227	239	277	277	134	134	190	190	182	190	200	200	121	121
S16-2332_60	241	241	200	200	227	227	223	227	255	277	122	134	190	190	190	194	200	200	121	121
S16-2520_60	241	241	200	200	227	227	223	227	255	277	122	134	190	190	190	194	200	200	121	121
S16-2339_61	241	241	200	200	-99	-99	213	223	269	273	134	134	190	190	190	190	180	180	119	121
S16-2344_61	241	241	200	200	231	231	213	223	269	273	134	134	190	190	190	190	180	180	119	121
S16-2343_62	239	241	196	200	227	227	231	235	277	285	122	134	190	190	186	194	200	200	121	141
S16-2345_62	239	241	196	200	227	227	231	235	277	285	122	134	190	190	186	194	200	200	121	141
S16-2348_62	239	241	196	200	227	227	231	235	277	285	122	134	190	190	186	194	200	200	121	141
S16-2349_62	-99	-99	196	200	227	227	231	235	-99	-99	122	134	190	190	186	194	200	200	121	141
S16-2445_62	239	241	196	200	227	227	231	235	277	285	122	134	190	190	186	194	200	200	121	141
S16-2524_62	239	241	196	200	227	227	231	235	277	285	122	134	190	190	186	194	200	200	121	141
S16-2525_62	239	241	196	200	227	227	231	235	277	285	122	134	190	190	186	194	200	200	121	141
S16-2526_62	239	241	196	200	227	227	231	235	277	285	122	134	190	190	186	194	200	200	121	141
S16-2527_62	239	241	196	200	227	227	231	235	277	285	122	134	190	190	186	194	200	200	121	141
S16-2528_62	239	241	196	200	227	227	231	235	277	285	122	134	190	190	186	194	200	200	121	141
S16-2363_63	239	241	196	198	233	233	219	227	253	263	122	122	182	190	160	190	180	180	121	141
S16-2370_63	-99	-99	196	198	-99	-99	219	227	253	263	122	122	182	190	160	190	180	180	121	141
S16-2099_64	239	241	196	200	227	233	227	231	245	273	122	122	190	190	182	190	200	200	121	121
S16-2373_64	239	241	196	200	227	233	227	231	245	273	122	122	190	190	182	190	200	200	121	121
S16-2374_64	239	239	196	200	227	233	227	231	245	273	122	122	190	190	182	190	200	200	121	121
S16-2375_64	-99	-99	196	200	227	233	227	231	245	273	122	122	190	190	182	190	200	200	121	121
S16-2376_65	239	239	194	196	227	233	213	221	245	277	128	128	190	198	182	190	200	200	129	129
S16-2377_65	239	239	194	196	227	233	213	221	245	277	128	128	190	198	182	190	200	200	129	129
S16-2418_66	241	241	196	200	227	231	213	223	-99	-99	122	138	190	190	190	194	200	200	121	121
S16-2539_66	241	241	196	200	227	231	213	223	289	289	122	138	190	190	190	194	200	200	121	121
S16-2431_67	241	241	196	200	227	231	213	227	277	289	134	144	190	190	164	194	200	200	121	121
S16-2468_67	241	241	196	200	227	231	213	227	277	289	134	144	190	190	164	194	200	200	121	121
S16-2476_67	241	241	196	200	227	231	213	227	277	289	134	144	190	190	164	194	200	200	121	121
S16-2437_68	241	241	200	200	227	231	227	231	245	277	134	134	182	190	164	194	200	200	119	121
S16-2512_68	241	241	200	200	227	231	227	231	245	277	134	134	182	190	164	194	200	200	119	121
S16-2513_68	241	241	200	200	227	231	227	231	245	277	134	134	182	190	164	194	200	200	119	121
S16-2443_69	239	241	198	200	231	231	223	223	255	269	134	134	190	190	182	194	200	200	121	141
S16-2521_69	239	241	198	200	231	231	223	223	255	269	134	134	190	190	182	194	200	200	121	141
S16-2523_69	239	241	198	200	231	231	223	223	255	269	134	134	190	190	182	194	200	200	121	141
S16-2446_70	239	241	200	200	227	231	223	231	255	277	126	134	182	182	194	194	200	200	121	121
S16-2447_70	239	241	200	200	227	231	223	231	255	277	126	134	182	182	194	194	200	200	121	121
S16-2497_70	239	241	200	200	227	231	223	231	255	277	126	134	182	182	194	194	200	200	121	121
S16-2457_71	239	241	196	200	233	233	213	227	263	281	126	128	182	190	190	190	200	200	119	121
S16-2458_71	239	241	196	200	233	233	213	227	263	281	126	128	182	190	190	190	200	200	119	121
S16-2487_72	239	239	196	196	227	231	217	227	267	273	122	134	190	194	190	194	200	200	119	119
S16-2540_72	239	239	196	196	227	231	217	227	267	273	122	134	190	194	190	194	200	200	119	119
S16-2547_72	239	239	196	196	227	231	217	227	267	273	122	134	190	194	190	194	200	200	119	119
S16-2490_73	239	239	196	200	231	231	227	227	263	285	126	134	190	190	160	194	200	200	121	121
S16-2552_73	239	239	196	200	231	231	227	227	263	285	126	134	190	190	160	194	200	200	121	121
S16-2491_74	239	241	196	200	227	231	217	223	273	285	122	126	194	194	164	190	200	200	119	119
S16-2492_74	239	241	196	200	227	231	217	223	273	285	122	126	194	194	164	190	200	200	119	119
S16-2454_75	241	241	196	200	227	227	213	227	261	289	134	138	190	198	190	190	200	200	121	141
S16-2501_75	241	241	196	200	227	227	213	227	261	289	134	138	190	198	190	190	200	200	121	141
S16-2502_75	241	241	196	200	227	227	213	227	261	289	134	138	190	198	190	190	200	200	121	141
S16-2503_75	241	241	196	200	227	227	213	227	261	289	134	138	190	198	190	190	200	200	121	141
S16-2542_76	239	241	196	200	231	231	227	239	255	277	122	134	190	194	178	190	200	200	121	121
S16-2548_76	239	241	196	200	231	231	227	239	255	277	122	134	190	194	178	190	200	200	121	121
S16-2549_76	239	241	196	200	231	231	227	239	255	277	122	134	190	194	178	190	200	200	121	121
S16-2048_77	239	241	196	196	227	229	219	223	255	273	126	134	182	194	178	202	200	200	129	141
S16-2049_77	239	241	196	196	227	229	219	223	255	273	126	134	182	194	178	202	200	200	129	141
S16-2050_77	239	241	196	196	227	229	219	223	255	273	126	134	182	194	178	202	200	200	129	141
S16-2166_78	241	241	196	196	229	233	213	231	245	289	128	134	190	190	178	190	200	200	141	141
S16-2180_78	241	241	196	196	229	233	213	231	245	245	128	134	190	190	178	178	200	200	141	141
S16-2260_79	241	241	196	196	227	231	219	219	269	277	128	134	190	190	182	190	200	200	121	141
S16-2261_79	241	241	196	196	227	231	219	219	269	269	128	128	190	190	182	190	200	200	121	141
S16-2169_80	239	241	196	198	231	233	231	231	245	245	128	134	182	190	178	190	200	200	141	141
S16-2172_80	239	241	196	198	231	233	231	231	245	285	128	134	182	190	178	190	200	200	141	141
S16-2237_81	239	241	196	200	227	227	231	231	267	277	122	126	190	194	186	194	180	180	121	121
S16-2240_81	239	241	196	200	227	227	231	231	267	277	122	126	190	194	186	194	180	180	121	121
S16-2406_82	241	241	200	200	227	233	225	227	255	273	122	134	190	190	190	190	200	200	121	121
S16-2408_82	241	241	200	200	227	233	225	227	255	273	122	122	190	190	190	190	200	200	121	121
S16-2173_83	239	241	196	198	227	239	219	231	255	273	126	128	190	190	186	190	200	200	141	141
S16-2174_83	-99	-99	196	198	227	239	219	231	255	255	126	128	190	190	186	190	200	200	141	141
S16-2196_84	-99	-99	196	200	233	235	227	227	245	245	128	128	182	190	160	160	200	200	121	121
S16-2197_84	241	241	196	196	-99	-99	227	227	245	245	128	128	182	190	160	160	200	200	121	121
S16-2192_85	-99	-99	194	196	235	235	231	231	-99	-99	122	128	182	194	182	194	180	180	121	129
S16-2200_85	241	241	194	196	235	235	219	231	267	273	122	128	182	194	182	194	180	180	121	129
S16-2424_86	-99	-99	196	196	-99	-99	213	223	273	277	122	122	190	190	178	190	200	200	121	121
S16-2425_86	-99	-99	196	196	227	227	213	223	273	277	122	134	190	190	178	190	200	200	121	121
S16-2473_86	239	239	196	196	227	231	213	223	273	277	122	134	190	190	178	190	200	200	121	121
S16-2419_87	-99	-99	200	200	227	227	231	239	277	277	126	134	190	190	190	194	180	180	119	121
S16-2430_87	241	241	200	200	227	227	231	231	277	277	126	134	190	190	190	194	180	180	119	121
S16-2427_88	-99	-99	196	198	-99	-99	219	223	277	277	126	126	190	190	190	194	200	200	119	141
S16-2479_88	239	241	196	198	231	231	219	223	277	277	126	134	190	190	190	194	200	200	119	141
S16-2285_89	241	241	196	200	-99	-99	223	223	277	277	126	126	182	190	190	194	200	200	121	121
S16-2290_89	241	241	196	200	227	231	223	227	277	277	126	134	182	190	190	194	200	200	121	121
S16-2234_90	-99	-99	196	200	-99	-99	223	223	245	245	122	126	190	190	186	190	200	200	121	141
S16-2238_90	239	241	196	200	227	233	223	231	245	277	122	126	190	190	186	190	200	200	121	141
S16-2545_91	239	241	196	200	227	227	219	227	273	289	126	134	190	194	190	190	200	200	141	141
S16-2546_91	239	241	196	200	227	231	219	227	273	289	-99	-99	190	194	190	194	200	200	119	141
S16-2245_91	-99	-99	196	200	227	231	213	231	245	277	122	122	190	198	190	190	200	200	121	121
S16-2393_91	-99	-99	196	200	-99	-99	213	213	245	245	122	122	190	198	190	190	200	200	121	121
S16-2338_92	-99	-99	200	200	227	231	227	235	273	273	122	122	190	190	182	190	200	200	121	121
S16-2404_92	-99	-99	200	200	-99	-99	227	235	273	273	122	134	190	190	182	190	200	200	121	121
1_cons84	241	241	196	200	233	235	227	227	245	245	128	128	182	190	160	160	200	200	121	121
2_cons87	241	241	200	200	227	227	231	239	277	277	126	134	190	190	190	194	180	180	119	121
3_cons91	239	241	196	200	227	231	219	227	273	289	126	134	190	194	190	194	200	200	119	141
4_cons92	-99	-99	200	200	227	231	227	235	273	273	122	134	190	190	182	190	200	200	121	121
