	ADCYCa		BM6506a		CELB9a		CERVID1a		ETH152a		SBTD04a		SBTD05a		SBTD06a		SBTD07a		TGLA94a	
S12-0832	241	241	196	198	233	245	175	177	219	225	278	278	127	131	190	190	190	202	129	143
S12-0834	239	241	196	198	231	233	177	177	221	239	274	282	127	135	182	198	194	194	129	143
S12-0836	239	239	196	196	233	233	177	181	217	239	274	282	119	127	194	198	186	194	121	143
S12-0837	239	241	196	198	235	235	175	181	227	227	270	274	123	135	194	194	190	198	129	143
S12-0838	239	241	194	196	233	233	173	175	235	235	260	264	127	131	190	190	178	182	121	121
S12-0839	239	241	196	198	235	235	175	181	227	227	270	274	123	135	194	194	190	198	129	143
S12-0840	239	241	194	196	233	233	173	175	235	235	260	264	127	131	190	190	178	182	121	121
S12-0841	239	239	194	198	231	231	181	181	219	229	264	270	123	135	190	194	182	194	121	143
S12-0842	241	241	198	200	227	227	173	173	223	227	260	278	135	135	194	198	186	198	121	129
S12-0843	239	241	196	198	235	235	175	181	227	227	270	274	123	135	194	194	190	198	129	143
S12-0845	239	241	196	198	235	235	175	181	227	227	270	274	123	135	194	194	190	198	129	143
S12-0846	239	239	194	196	231	245	177	183	221	221	236	274	127	135	190	198	186	194	143	143
S12-0847	241	241	198	200	227	227	173	173	223	227	260	278	135	135	194	198	186	198	121	129
S12-0848	241	241	196	196	227	245	173	175	217	235	260	274	127	135	190	194	194	194	121	143
S12-0849	239	241	196	196	227	233	173	173	215	217	264	286	139	143	190	190	190	194	121	143
S12-0850	239	241	196	196	227	233	173	173	217	217	264	286	139	143	190	190	190	194	121	143
S12-0851	239	241	196	196	231	231	183	183	227	235	274	286	123	139	194	194	160	198	121	121
S12-0852	239	241	196	196	227	233	177	177	215	227	260	278	123	135	182	190	170	182	143	143
S12-0853	239	241	196	196	227	233	173	173	215	217	264	286	139	143	190	190	190	194	121	143
S12-0854	241	241	196	196	227	227	177	177	215	227	260	278	139	139	182	190	160	182	121	143
S12-0856	239	239	194	196	233	233	177	177	217	221	264	274	123	139	190	194	186	190	121	143
S12-0857	239	241	196	198	227	233	173	177	217	217	274	286	127	135	190	194	190	194	143	143
S12-0859	239	241	194	198	233	237	169	169	213	217	274	276	127	135	190	194	190	198	119	129
S12-0861	239	239	194	198	227	227	175	175	219	223	274	278	127	131	190	194	182	190	143	143
S12-0862	241	241	194	194	233	233	173	175	215	221	268	278	135	139	190	194	186	186	143	143
S12-0863	239	241	196	198	235	235	175	181	227	227	270	274	123	135	194	194	190	198	129	143
S12-0865	239	239	198	198	227	231	165	165	223	239	256	286	127	135	182	190	170	190	121	143
S12-0866	239	239	196	200	231	233	173	173	221	223	268	274	135	135	190	190	170	190	121	143
S12-0868	239	241	196	200	233	233	173	173	219	221	270	270	135	135	182	190	178	182	143	143
S12-0871	239	239	196	200	235	241	175	177	213	223	252	278	123	135	190	194	178	198	121	143
S12-0872	239	239	196	200	231	241	167	175	223	231	256	278	111	123	190	194	178	178	121	143
S12-0873	239	239	196	200	235	235	175	177	213	223	252	278	123	135	190	194	178	198	121	143
S12-0874	239	239	196	200	235	241	175	177	213	223	252	278	123	135	190	194	178	198	121	143
S12-0875	239	239	196	200	235	241	175	177	213	223	252	278	123	135	190	194	178	198	121	143
S12-0876	239	239	196	200	235	241	175	177	213	223	252	278	123	135	190	194	178	198	121	143
S12-0877	239	239	196	200	231	231	167	167	223	231	256	278	123	123	190	194	178	178	121	143
S12-0884	239	241	196	198	227	231	177	177	213	227	260	264	135	135	182	190	190	190	121	143
S12-0885	239	241	196	198	233	239	169	169	223	225	278	282	135	135	190	190	194	198	143	143
S12-0886	239	239	194	196	229	229	169	169	215	221	286	286	135	135	190	190	190	190	143	143
S12-0887	239	239	196	198	231	231	169	175	219	225	252	268	127	135	194	194	170	194	121	121
S12-0888	239	241	196	196	231	233	169	169	215	225	278	282	135	135	182	190	178	194	121	143
S12-0889	239	241	196	198	233	239	169	169	223	225	278	282	135	135	190	190	194	198	143	143
S12-0890	237	241	196	198	231	233	175	175	219	223	264	274	123	135	190	198	182	194	119	143
S12-0892	237	239	196	198	227	233	175	177	219	223	264	274	123	135	190	194	190	194	143	143
S12-0893	237	241	198	198	231	233	175	175	219	223	264	274	123	135	190	198	182	194	119	143
S12-0894	237	241	196	198	231	233	175	175	219	223	264	274	123	135	190	198	182	194	119	143
S12-0895	241	241	196	198	233	233	165	165	223	239	268	274	127	131	182	194	186	190	143	143
S12-0896	239	241	196	200	229	233	181	181	221	221	260	278	127	127	190	194	186	194	121	143
S12-0897	239	241	196	200	229	233	177	181	219	221	260	278	127	127	190	194	186	194	121	143
S12-0898	239	241	196	200	229	233	177	181	221	221	260	278	127	127	190	194	186	194	121	143
S12-0899	239	241	196	200	229	233	177	181	219	221	260	278	127	127	190	194	186	194	121	143
S12-0900	239	241	196	200	229	233	177	181	219	221	260	278	127	127	190	194	186	194	121	143
S12-0901	239	241	196	196	231	233	175	175	219	223	270	274	111	135	190	190	190	194	121	143
S12-0903	239	241	196	200	229	233	177	181	221	221	260	278	127	127	190	194	186	194	121	143
S12-0904	239	241	198	198	233	233	173	175	217	223	278	286	123	135	182	190	170	194	121	121
S12-0905	239	239	196	198	229	229	177	177	219	219	274	274	127	135	182	182	190	190	121	121
S12-0909	239	241	196	198	229	239	177	177	219	229	268	274	127	135	182	198	178	190	121	121
S12-0912	239	239	194	196	233	233	177	177	223	235	274	286	127	135	190	194	178	190	121	121
S12-0914	239	241	194	196	229	233	173	177	221	223	276	278	131	135	190	190	190	190	121	143
S12-0915	241	241	194	198	233	233	177	177	219	219	274	276	131	139	182	194	170	182	121	143
S12-0916	239	241	196	198	233	237	165	165	223	225	256	264	131	139	190	194	170	194	121	121
S12-0917	241	241	196	198	227	227	177	177	227	235	268	274	135	139	182	194	186	190	129	143
S12-0918	239	241	196	200	233	233	175	175	235	239	260	274	135	139	182	190	190	198	129	143
S12-0920	239	241	196	198	227	231	173	173	223	239	270	274	135	143	190	190	186	198	143	143
S12-0922	241	241	196	196	237	237	177	179	215	227	260	278	127	131	190	190	190	190	121	143
S12-0923	239	241	196	198	227	227	175	179	223	225	274	282	127	135	190	198	190	194	121	121
S12-0924	237	239	198	198	229	235	173	175	219	221	248	286	135	135	182	190	182	190	121	121
S12-0925	239	241	196	200	229	229	177	177	215	219	278	282	127	127	190	194	194	198	121	121
S12-0926	239	241	196	200	229	229	177	177	215	219	278	282	127	135	190	194	190	198	121	143
S12-0931	241	241	196	200	233	233	175	177	215	221	270	274	123	123	194	194	160	182	143	143
S12-0933	239	239	194	198	231	241	173	173	215	217	256	274	129	135	190	194	182	190	129	143
S12-0937	239	239	194	198	231	241	173	173	215	217	256	274	129	135	190	194	182	190	129	143
S12-0941	239	241	194	198	231	233	175	177	221	227	264	290	123	135	182	190	186	198	143	143
S12-0944	237	241	196	198	231	233	175	175	219	223	264	274	123	135	190	198	182	194	119	143
S12-0946	239	241	194	196	227	229	175	175	221	225	270	286	111	127	194	194	182	186	121	143
S12-0948	239	241	194	196	227	229	175	175	221	225	270	286	111	127	194	194	182	186	121	143
S12-0949	241	241	196	198	227	239	177	181	215	215	268	278	135	135	182	190	190	198	129	143
S12-0951	239	241	194	196	227	229	175	175	221	225	270	286	111	127	194	194	182	186	121	143
S12-0953	239	241	194	196	229	229	173	173	221	225	268	286	127	135	190	190	182	198	121	121
S12-0955	239	241	196	198	233	237	173	175	223	235	268	270	123	131	190	190	170	198	121	143
S12-0957	239	241	196	198	231	243	175	179	223	227	270	276	129	135	190	190	190	198	121	143
S12-0958	239	239	194	196	231	237	181	181	219	223	240	282	135	135	182	194	182	186	143	143
S12-0960	239	239	196	198	229	233	179	179	221	221	270	274	131	135	182	194	170	182	143	143
S12-0961	239	241	194	196	227	237	175	177	217	223	260	270	129	135	190	190	190	194	143	143
S12-0963	239	241	196	198	233	237	173	175	223	235	268	270	123	131	190	190	170	198	121	143
S12-0964	239	239	196	198	233	233	173	173	221	223	270	274	111	135	182	182	182	186	143	143
S12-0965	241	241	194	196	227	233	175	177	223	227	270	274	111	127	182	198	170	198	143	143
S12-0967	239	241	196	198	233	237	173	175	223	235	268	270	123	131	190	190	170	198	121	143
S12-0969	239	239	196	198	229	233	179	179	221	221	270	274	131	135	180	194	170	182	143	143
S12-0970	239	241	196	198	229	231	173	173	223	227	256	272	123	135	182	190	178	194	143	143
S12-0972	239	241	196	196	229	231	173	173	221	227	256	282	123	135	182	182	194	194	121	143
S12-0973	239	239	196	198	233	233	173	173	221	223	270	274	111	135	182	182	182	186	143	143
S12-0974	239	241	196	198	227	233	175	175	219	227	260	274	123	135	182	190	186	194	129	143
S12-0975	239	241	196	198	227	233	175	175	219	227	260	274	123	135	182	190	186	194	129	143
S12-0978	239	241	196	198	227	243	175	177	217	217	270	282	129	129	190	190	190	190	121	143
S12-1229	239	239	198	200	233	233	175	177	225	225	260	274	131	135	190	190	198	198	143	143
S12-1230	239	241	198	198	233	233	173	173	219	221	270	278	139	139	190	190	182	194	143	143
S12-1234	239	241	196	200	231	231	175	175	219	227	240	264	125	135	182	190	190	194	143	143
S12-1238	241	241	194	194	233	237	173	173	217	227	270	270	135	135	190	190	198	198	143	143
S12-1244	241	241	196	198	233	245	165	177	239	239	260	278	131	135	190	190	182	182	143	143
S12-1245	241	241	196	198	233	245	165	177	223	239	260	278	131	135	190	190	182	198	143	143
S12-1247	241	241	196	198	233	245	165	177	223	239	260	278	131	135	190	190	182	198	143	143
S12-1250	239	241	198	198	231	231	169	177	215	225	274	290	131	135	190	194	170	186	121	143
S12-1256	239	241	198	198	237	237	165	165	219	219	282	286	131	131	194	194	194	194	121	143
S12-1284	239	241	194	196	227	229	175	175	221	225	270	286	111	127	194	194	182	186	121	143
S12-1288	239	239	196	198	229	233	179	179	221	221	270	274	131	135	182	194	170	182	143	143
S12-1387	239	241	198	198	233	237	173	175	223	235	268	270	123	131	190	190	170	198	121	143
S12-1389	239	241	196	198	233	237	173	175	223	235	268	270	123	131	190	190	170	198	121	143
S12-1390	239	239	196	196	229	231	173	173	221	227	256	256	123	135	182	182	194	194	121	143
S12-1394	239	239	196	198	233	233	173	173	221	223	270	274	111	135	182	182	182	186	143	143
S12-1406	237	239	194	196	227	227	165	165	223	223	260	260	131	135	190	190	198	198	143	143
S12-1408	241	241	198	198	233	233	177	177	219	221	274	276	139	139	190	194	182	186	129	143
S12-1409	237	239	194	198	227	227	179	181	219	219	256	278	123	135	190	194	160	170	121	129
S12-1410	239	241	198	198	229	229	177	177	223	235	282	282	123	131	182	190	182	182	121	143
S12-1413	239	241	194	194	239	239	177	177	217	219	252	256	131	135	190	190	190	190	121	143
S12-1415	241	241	196	202	231	239	175	175	219	223	260	278	123	135	182	190	170	182	121	143
S12-1417	241	241	198	202	231	231	177	181	227	227	278	278	127	127	190	194	194	194	143	143
S12-1420	237	239	198	202	233	233	177	177	227	231	278	278	123	135	190	190	194	194	121	143
S12-1422	241	241	198	202	229	233	175	175	215	215	264	278	135	135	194	198	160	190	121	143
S12-1426	239	241	194	198	233	233	179	179	221	223	270	282	127	135	182	190	182	190	121	143
S12-1431	239	239	194	194	231	239	177	177	215	221	256	278	123	135	182	194	190	198	143	143
S12-1435	239	241	196	196	231	233	169	169	215	215	282	282	135	135	182	190	178	194	121	143
S12-1436	239	241	196	198	239	239	169	169	223	225	278	282	135	135	190	190	194	198	143	143
S12-1437	239	241	194	198	231	233	175	177	221	227	264	290	123	135	182	190	186	198	143	143
S12-1439	239	239	196	198	231	231	169	175	219	225	252	268	127	135	194	194	170	194	121	121
S12-1440	239	241	196	196	233	233	169	169	215	215	282	282	135	135	182	190	178	194	121	143
S12-1441	239	241	196	196	227	231	173	173	217	219	268	274	127	135	190	202	190	194	121	143
S12-1442	239	241	196	196	233	233	169	169	215	229	274	278	131	135	190	190	186	194	121	121
S12-1443	239	239	194	198	231	241	173	173	217	217	256	274	129	135	190	194	182	190	129	143
S12-1539	239	241	194	194	229	229	175	175	219	227	268	282	127	127	190	198	194	194	121	121
S12-1541	239	239	194	196	229	233	177	179	215	223	270	270	123	131	190	194	190	198	121	143
S12-1546	239	239	194	198	229	229	175	175	219	219	282	282	135	135	190	198	194	194	121	121
S12-1549	239	241	194	196	233	233	177	179	223	223	264	282	135	135	182	190	190	194	143	143
S12-1554	241	241	196	198	233	245	175	177	219	225	274	278	127	131	190	190	190	202	129	143
S12-1555	239	241	196	198	231	233	177	177	221	239	274	282	127	135	182	198	194	194	129	143
S12-1556	239	241	196	198	231	233	177	177	221	221	274	274	127	135	182	198	194	194	129	143
S12-1557	241	241	198	198	227	235	175	177	213	219	270	278	135	135	190	194	160	186	121	121
S12-1559	239	241	196	198	233	233	177	177	221	221	274	282	127	135	182	198	194	194	129	143
S12-1560	239	241	198	198	227	223	177	177	221	221	264	278	123	127	190	194	160	190	121	129
S12-1563	241	241	196	198	233	245	175	179	219	221	264	278	127	135	190	190	190	190	143	143
S12-1564	239	239	196	198	227	229	171	175	219	221	264	278	123	123	182	190	186	190	121	121
S12-1565	239	241	196	198	233	233	177	177	221	239	274	282	127	135	182	198	194	194	129	143
S12-1567	239	239	196	198	229	229	175	175	221	229	274	278	131	135	190	194	190	198	129	143
S12-1570	241	241	196	198	227	231	177	177	219	227	270	270	127	135	182	194	194	194	121	129
S12-1575	237	239	194	198	233	233	181	181	239	239	260	278	135	135	182	194	186	194	143	143
S13-0139	237	241	194	194	233	233	173	175	223	235	252	276	127	135	190	190	182	190	121	121
S13-0140	237	241	194	194	233	233	173	175	223	235	252	276	127	135	190	190	182	190	121	121
S13-0142	237	241	196	196	233	237	177	177	215	227	260	286	127	131	190	190	190	194	121	143
S13-0143	239	239	194	196	233	233	173	177	219	223	276	276	123	131	190	194	190	194	121	143
S13-0144	239	241	194	196	229	233	173	177	221	223	276	278	131	135	190	190	190	190	121	143
S13-0145	239	241	194	196	229	233	173	177	221	223	276	278	131	135	190	190	190	190	121	143
S13-0146	239	241	194	196	229	233	173	177	221	223	276	278	131	135	190	190	190	190	121	143
S13-0148	239	241	194	196	229	233	173	177	221	223	276	278	131	135	190	190	190	190	121	143
S13-0150	239	239	194	194	233	233	173	177	219	223	276	278	123	131	190	194	190	194	121	143
S13-0151	241	241	194	198	233	233	179	179	219	227	260	270	131	139	190	190	186	190	121	143
S13-0153	241	241	194	198	233	233	177	177	219	219	260	276	135	139	190	190	186	190	121	143
S13-0155	239	241	196	200	233	233	175	175	235	239	260	274	135	139	182	190	190	198	129	143
S13-0156	241	241	196	198	227	227	177	177	227	235	268	274	135	139	182	194	186	190	129	143
S13-0157	239	241	196	200	233	233	175	175	235	239	260	274	135	139	182	190	190	198	129	143
S13-0158	239	241	194	196	227	235	179	179	235	235	274	274	127	135	190	194	194	194	129	143
S13-0159	241	241	196	196	229	229	173	177	221	227	268	276	131	131	182	190	190	190	121	143
S13-0160	241	241	196	196	229	229	173	177	221	227	268	276	131	131	182	190	190	190	121	143
S13-0161	241	241	196	198	227	229	165	173	217	219	278	278	123	135	190	194	198	198	121	143
S13-0171	237	239	196	198	239	239	173	173	227	239	270	274	135	139	182	194	160	182	121	143
S13-0172	239	241	194	196	227	227	177	177	225	227	256	278	131	135	190	190	182	194	121	143
S13-0173	239	241	196	198	227	233	165	165	235	235	260	260	135	139	182	190	190	198	129	143
S13-0174	239	239	198	198	229	229	177	177	223	239	278	278	135	135	182	190	160	182	129	143
S13-0175	239	241	194	198	235	235	175	181	239	241	274	274	131	135	190	190	190	194	143	143
S13-0176	241	241	196	196	229	229	173	177	221	227	268	276	131	131	182	190	190	190	121	143
S13-0178	241	241	196	196	229	229	173	177	221	227	268	276	131	131	182	190	190	190	121	143
S13-0179	239	241	196	198	239	239	181	183	217	223	268	278	127	131	182	190	162	182	121	143
S13-0180	239	241	194	196	231	237	179	179	215	223	260	270	123	143	182	194	160	186	143	143
S13-0181	239	239	194	198	233	233	175	177	221	235	274	274	127	135	190	194	186	194	121	121
S13-0482	239	241	196	198	237	237	177	177	221	231	274	278	123	127	194	194	186	190	129	143
S13-0495	239	241	196	196	239	241	167	167	223	223	270	278	111	135	190	194	178	190	121	143
S13-0496	239	239	196	200	241	241	175	177	213	225	278	278	123	135	190	194	178	198	121	143
S13-0497	239	241	196	200	233	233	173	173	221	221	270	270	135	135	182	190	178	182	143	143
S13-0502	239	239	200	200	229	229	173	181	217	221	268	274	127	135	190	194	186	194	143	143
S13-0504	239	241	194	200	229	233	181	181	219	221	274	278	127	131	190	194	182	186	143	143
S13-0507	239	239	196	198	231	231	165	165	223	239	256	256	127	135	182	190	170	190	121	143
S13-0508	239	241	196	198	231	231	169	173	221	223	268	268	131	135	182	190	190	194	121	143
S13-0511	241	241	196	198	239	239	177	177	223	229	274	282	129	135	182	190	178	198	121	143
S13-0517	241	241	194	198	239	245	177	177	221	239	260	260	123	127	182	194	182	190	129	143
S13-0523	239	239	196	200	231	231	173	177	217	225	260	286	123	131	190	194	182	190	143	143
S13-0535	239	239	196	200	231	233	173	177	221	221	260	286	123	127	190	194	160	190	143	143
S13-0544	239	241	196	196	233	233	177	179	219	223	268	268	135	135	182	190	182	194	121	121
S13-0551	241	241	194	198	233	233	165	165	221	223	236	282	135	139	190	190	186	194	121	143
S13-0553	241	241	196	196	231	231	179	179	219	223	270	270	123	123	182	190	182	182	121	129
S13-0554	239	239	194	196	229	233	173	173	223	223	278	278	131	135	190	190	190	190	121	143
S13-0556	239	241	194	196	229	233	173	177	221	223	276	278	131	135	190	190	190	190	121	143
S13-0557	239	241	194	196	229	233	173	177	221	223	276	278	131	135	190	190	190	190	121	143
S13-0558	241	241	196	196	229	229	173	177	221	227	268	276	131	131	182	182	190	190	121	143
S13-0562	239	241	196	200	233	233	175	175	239	239	260	274	135	139	182	190	190	198	129	143
S13-0573	241	241	196	200	233	233	175	175	235	239	260	274	135	139	182	190	190	198	129	143
S13-0579	239	239	200	200	233	233	175	175	239	239	260	260	135	139	182	190	190	198	129	143
S13-0582	239	241	198	198	237	237	175	175	219	223	268	278	111	123	182	194	170	182	121	121
S13-0584	239	241	196	196	233	233	177	179	219	223	268	270	135	135	182	190	182	194	121	121
S13-0586	239	241	194	198	235	235	175	181	241	241	274	274	131	135	190	190	190	194	143	143
S13-0588	241	241	196	196	227	227	175	175	215	223	264	278	127	131	190	194	160	160	121	129
S13-0589	239	239	194	196	227	237	175	181	221	221	256	264	127	127	190	194	186	194	121	121
S13-0590	239	241	196	198	227	233	177	177	221	221	264	274	123	135	190	194	186	190	121	143
S13-0591	239	241	196	196	227	227	175	177	215	223	264	278	127	131	190	194	160	194	121	129
S13-0592	239	239	196	196	227	233	179	179	215	221	264	274	127	135	190	190	190	194	121	143
S13-0594	239	239	196	196	227	233	179	179	221	221	264	274	127	135	190	190	190	194	121	143
S13-0599	239	239	196	196	227	233	179	179	215	221	264	274	127	135	190	190	190	194	121	143
S13-0601	239	241	196	196	227	239	177	177	219	221	260	260	127	135	190	190	178	194	119	121
S13-0602	239	241	196	196	227	239	177	177	219	221	260	278	127	135	190	190	178	194	119	121
S13-0604	239	241	198	198	233	233	181	181	239	239	264	274	123	135	182	190	170	190	143	143
S13-0605	239	241	196	196	227	239	177	177	219	221	260	278	127	135	190	190	178	194	119	121
S13-0607	239	239	196	196	233	233	179	179	221	223	264	270	131	135	190	194	186	190	121	121
S13-0610	239	239	196	196	233	239	177	177	219	221	260	278	135	135	190	190	186	194	121	121
S13-0611	241	241	196	198	233	233	175	175	227	231	260	274	135	139	190	190	194	194	121	143
S13-0636	239	241	196	200	229	233	177	181	221	221	260	278	127	127	190	194	186	194	121	143
S13-0640	239	241	196	200	229	233	177	181	219	221	260	278	127	127	190	194	186	194	121	143
S13-0642	239	239	198	200	227	233	173	181	221	227	260	260	127	127	190	194	194	194	121	143
S13-0651	239	239	196	200	235	235	177	177	219	223	260	270	139	139	190	194	178	182	121	143
S13-0657	241	241	196	200	233	233	165	173	221	221	268	268	135	139	190	190	194	194	121	143
S13-0670	239	239	196	196	231	231	177	179	227	227	274	274	127	135	190	190	190	190	121	143
S13-0671	239	239	194	196	227	227	175	181	217	217	264	270	123	131	194	198	160	186	121	143
S13-0712	241	241	196	198	227	239	177	181	215	215	268	278	135	135	182	190	190	198	129	143
S13-0713	241	241	194	194	231	231	177	177	221	227	290	290	123	135	182	190	186	198	143	143
S13-0718	239	241	196	196	231	233	169	169	215	225	278	282	135	135	182	190	178	194	121	143
S13-0719	239	241	196	196	231	233	169	169	215	225	278	282	135	135	182	190	178	194	121	143
S13-0721	239	239	194	198	241	241	173	173	217	217	256	274	129	135	190	194	182	190	129	143
S13-0722	241	241	196	198	233	233	165	165	223	239	268	274	127	131	182	194	186	190	143	143
S13-0723	241	241	196	198	233	233	165	165	223	239	268	274	127	131	182	194	186	190	143	143
S13-0724	239	241	194	196	231	233	175	175	221	221	264	274	123	139	190	190	182	182	121	143
S13-0727	239	239	200	202	233	239	175	175	219	223	260	282	127	131	190	190	160	182	129	143
S13-0728	241	241	194	196	229	229	177	177	235	235	264	264	131	135	194	194	160	160	143	143
S13-0730	239	239	194	196	229	233	173	177	215	223	264	278	131	135	190	190	190	194	121	121
S13-0760	239	239	194	196	237	237	169	177	221	227	256	274	111	135	182	194	170	186	121	121
S13-0761	239	241	196	198	237	237	175	179	219	219	278	282	129	131	190	190	186	190	121	121
S13-0763	239	241	196	198	237	237	175	179	219	219	278	282	129	131	190	190	186	190	121	121
S13-0766	239	239	198	200	233	239	177	181	219	235	278	278	123	135	190	190	160	190	121	129
S13-0772	239	241	194	194	229	231	173	181	213	217	282	286	123	127	190	190	194	198	129	129
S13-0773	241	241	194	196	231	233	181	181	217	227	282	282	123	139	190	190	194	194	129	143
S13-0777	239	241	196	196	233	233	175	175	215	223	270	274	111	135	182	190	190	194	121	143
S13-0778	239	241	196	200	229	233	177	181	221	221	260	278	127	127	190	194	186	194	121	143
S13-0781	239	239	198	200	227	233	173	181	221	227	260	278	127	127	190	194	194	194	121	143
S13-0788	239	241	194	198	229	239	177	177	223	235	270	282	123	131	182	190	182	198	121	143
S13-0798	239	239	200	202	239	239	175	175	219	223	278	282	127	131	190	190	160	182	129	143
S13-0801	239	239	194	196	229	233	173	177	223	223	264	264	131	135	190	190	190	194	121	121
S13-0805	239	241	196	196	231	233	169	173	217	223	270	278	127	135	182	182	160	194	129	143
S13-0806	239	241	196	198	237	237	177	177	221	231	274	278	123	127	194	194	186	190	129	143
S13-0820	241	241	194	198	227	231	175	175	215	221	256	274	127	127	182	190	170	178	121	143
S13-0821	241	241	194	198	227	227	175	175	215	221	256	274	123	127	182	190	170	178	121	143
S13-0824	241	241	196	198	231	233	177	177	219	221	264	290	127	143	194	194	182	190	121	143
S13-0825	241	241	194	196	227	227	177	177	215	215	260	260	123	135	182	190	190	198	121	143
S13-0827	241	241	196	198	231	233	177	177	219	221	264	290	127	143	194	194	182	190	121	143
S13-0828	241	241	196	198	231	233	177	177	219	223	264	290	135	143	190	194	190	198	143	143
S13-0829	241	241	194	196	227	227	177	177	215	223	260	260	123	135	182	190	190	198	121	143
S13-0832	241	241	196	196	233	233	173	173	221	221	236	236	127	135	194	194	182	186	121	143
S13-0833	239	239	196	196	227	233	179	179	215	221	264	274	127	135	190	190	190	194	121	143
S13-0836	239	239	196	196	233	233	177	177	217	221	270	270	127	127	190	190	190	194	121	121
S13-0838	241	241	194	196	233	239	175	181	215	231	264	274	129	129	190	190	170	186	129	143
S13-0844	241	241	196	196	233	233	173	173	219	219	270	270	135	135	182	190	182	182	143	143
S13-0846	241	241	196	196	231	231	175	177	217	223	278	278	123	135	190	190	178	182	121	143
S13-0850	239	239	196	200	233	233	173	173	221	221	270	270	135	135	182	190	178	182	143	143
S13-0851	239	239	196	200	235	241	175	177	213	223	252	278	123	135	190	194	178	198	121	143
S13-0876	241	241	196	198	233	233	179	179	217	223	232	282	131	139	190	190	160	186	121	143
S13-0878	239	241	194	196	233	233	175	175	221	235	260	264	135	135	194	194	160	198	121	143
S13-0879	239	241	196	196	227	227	175	177	215	223	252	274	127	143	190	194	170	186	121	143
S13-0882	241	241	196	198	233	235	179	179	217	223	232	282	131	139	190	190	160	186	121	143
S13-0931	239	241	196	198	227	229	173	173	219	235	274	274	135	139	190	194	186	198	121	143
S13-0935	241	241	194	196	231	237	177	177	221	221	260	286	135	135	190	190	190	198	121	143
S13-0939	239	241	196	198	227	233	175	175	223	223	278	286	135	135	182	198	170	182	121	143
S13-0942	241	241	196	198	227	229	165	173	217	219	278	278	123	135	190	194	198	198	121	143
S13-0944	241	241	196	198	229	229	169	173	217	219	264	264	111	135	194	194	190	198	121	121
S13-0945	241	241	196	198	227	229	169	173	217	217	264	278	111	135	194	194	190	198	121	121
S13-0946	239	241	194	196	231	237	181	181	223	227	264	278	127	135	182	190	186	194	129	143
S13-0947	239	241	196	198	227	231	177	177	219	227	270	286	127	135	182	194	194	194	121	129
S13-0948	239	241	194	196	231	237	181	181	223	227	264	278	127	135	182	190	186	194	129	143
S13-0949	239	241	194	196	231	237	181	181	223	227	264	278	127	135	182	190	186	194	129	143
S13-1201	239	241	194	198	227	233	175	175	219	223	268	270	127	131	190	194	190	194	121	143
S13-1202	237	239	194	198	231	233	177	181	223	223	274	278	135	135	182	190	186	194	121	143
S13-1203	239	239	198	206	231	245	177	181	223	227	274	278	123	127	182	198	160	164	129	143
S13-1204	237	239	194	198	231	233	177	181	223	223	274	278	135	135	182	190	186	194	121	143
S13-1205	239	239	194	198	231	233	177	181	223	223	274	274	135	135	182	190	186	194	121	143
S13-1206	239	241	196	198	227	233	177	177	227	227	282	282	123	135	190	190	198	198	129	143
S13-1207	239	239	194	200	227	233	177	177	227	227	260	282	135	135	182	190	190	198	121	143
S13-1208	239	241	194	196	237	239	173	175	215	221	270	274	135	139	190	194	160	190	121	129
S13-1209	241	241	196	196	231	235	165	175	219	235	260	268	127	127	190	194	182	190	121	143
S13-1210	241	241	196	196	231	235	165	175	219	235	260	268	127	127	190	194	182	190	121	143
S13-1211	239	241	196	200	231	233	175	175	221	227	282	282	123	123	190	190	190	198	143	143
S13-1212	239	239	194	200	227	231	179	179	227	227	282	282	123	135	190	190	198	198	129	143
S13-1213	239	241	198	198	233	233	177	177	225	227	278	278	131	135	190	198	190	198	121	143
S13-1214	239	241	196	196	231	233	173	177	213	219	270	278	131	135	190	194	194	194	121	121
S13-1215	239	241	196	200	231	233	175	175	221	227	282	282	123	123	190	190	190	198	143	143
S13-1216	239	241	194	196	231	231	169	175	227	235	260	278	127	135	190	190	160	190	121	143
S13-1217	241	241	194	196	231	233	179	179	219	227	278	290	111	131	182	190	186	186	121	143
S13-1218	239	241	194	198	231	233	175	179	225	227	260	290	131	135	190	190	186	202	121	143
S13-1219	239	241	194	198	231	233	175	179	225	227	260	290	131	135	190	190	186	202	121	143
S13-1220	239	241	194	198	231	233	175	179	225	227	260	290	131	135	190	190	186	202	121	143
S13-1221	239	241	194	198	231	233	175	179	225	227	260	290	131	135	190	190	186	202	121	143
S13-1222	239	241	194	198	231	233	175	179	225	227	260	290	131	135	190	190	186	202	121	143
S13-1223	239	241	194	198	231	233	175	179	225	227	260	290	131	135	190	190	186	202	121	143
S13-1254	241	241	194	198	233	239	173	177	219	223	256	286	123	131	190	194	170	194	121	129
S13-1256	239	241	196	198	227	231	177	179	221	227	260	264	127	135	190	194	182	182	143	143
S13-1257	239	241	194	196	237	239	173	175	215	221	270	274	135	139	190	194	160	190	121	129
S13-1258	239	241	198	198	227	233	165	165	217	227	282	286	123	127	190	194	182	198	143	143
S13-1259	239	241	196	196	231	233	179	179	227	235	256	260	123	135	190	190	186	194	121	143
S13-1261	241	241	194	196	235	235	165	165	231	235	268	278	127	135	190	190	160	190	121	143
S13-1262	239	241	194	196	231	231	175	175	227	235	260	278	127	135	190	190	160	190	121	143
S13-1263	241	241	194	196	235	235	165	165	231	235	268	278	127	135	190	190	160	190	121	143
S13-1264	239	239	194	200	227	231	179	179	227	227	282	282	123	135	190	190	198	198	129	143
S13-1265	239	241	196	198	227	233	165	165	213	225	256	278	131	135	190	194	194	198	143	143
S13-1267	241	241	194	196	233	239	173	173	221	223	256	274	131	135	190	190	160	186	129	143
S13-1268	239	241	196	196	231	239	173	173	217	219	264	264	127	143	190	190	190	190	143	143
S13-1269	241	241	194	196	235	235	165	165	231	235	268	278	127	135	190	190	160	190	121	143
S13-1270	239	241	196	200	231	233	175	175	221	227	282	282	123	123	190	190	190	198	143	143
S13-1272	239	241	196	196	227	239	177	177	219	221	260	278	127	135	190	190	178	194	119	121
S13-1274	241	241	194	196	239	239	177	179	219	221	234	274	135	135	190	190	190	194	129	143
S13-1275	241	241	194	196	239	239	177	179	219	221	234	274	135	135	190	190	190	194	129	143
S13-1279	241	241	194	198	239	239	165	165	223	231	260	278	127	135	194	198	186	194	143	143
S13-1285	239	239	194	196	231	239	173	173	215	221	260	274	127	139	182	194	160	186	121	121
S13-1286	239	239	194	196	231	239	173	173	215	221	260	274	127	139	182	194	160	186	121	121
S13-1288	239	239	196	200	231	231	171	171	219	221	274	282	123	127	190	194	182	198	143	143
S13-1290	239	239	194	202	231	233	173	177	215	235	268	274	139	139	194	194	186	186	121	143
S13-1291	241	241	198	200	227	227	173	173	223	227	260	278	135	135	194	198	186	198	121	129
S13-1292	239	241	196	200	231	233	173	173	227	227	264	270	111	123	190	194	178	186	121	129
S13-1294	239	241	194	194	229	229	175	175	219	227	268	282	127	127	190	198	194	194	121	121
S13-1308	239	241	194	196	231	237	181	181	223	227	264	278	127	135	182	190	186	194	129	143
S13-1309	239	239	196	196	233	235	175	177	217	219	276	278	127	135	198	198	186	194	121	143
S13-1310	239	241	196	196	227	235	175	181	223	231	260	286	123	127	190	194	170	182	121	129
S13-1311	239	241	194	198	231	235	173	173	223	223	270	274	123	135	190	190	190	194	143	143
S13-1312	239	241	198	198	231	233	175	175	219	223	264	268	131	135	190	194	190	194	121	143
S13-1313	239	241	198	198	231	233	173	173	213	221	260	264	135	135	190	190	194	198	121	143
S13-1314	241	241	196	198	227	233	175	177	219	221	270	278	123	127	190	194	160	170	121	129
S13-1315	239	241	194	194	229	229	175	175	219	227	268	282	127	127	190	198	194	194	121	121
S13-1316	239	241	196	198	231	233	177	177	221	239	274	282	127	135	182	198	194	194	129	143
S13-1317	239	239	196	198	227	227	175	179	219	219	260	278	123	127	182	190	186	194	121	143
S13-1318	239	241	196	198	231	233	177	177	221	239	274	282	127	135	182	198	194	194	129	143
S13-1321	241	241	196	198	227	233	175	175	227	231	270	278	127	135	182	194	182	190	121	143
S13-1323	241	241	194	198	239	239	173	173	219	219	260	282	123	139	190	194	194	194	143	143
S13-1324	239	241	194	194	233	233	179	179	223	227	270	270	135	135	190	190	182	186	121	143
S13-1325	241	241	194	196	231	233	179	179	219	227	278	290	111	131	182	190	186	186	121	143
S13-1327	239	241	194	194	231	233	179	179	223	223	270	290	135	135	190	190	182	186	121	143
S13-1328	241	241	194	198	239	239	173	173	219	219	260	260	123	139	190	194	194	194	143	143
S13-1329	241	241	196	196	233	233	175	175	223	227	270	274	127	139	190	190	182	182	143	143
S13-1330	241	241	196	202	231	233	181	181	215	231	260	264	127	135	182	190	190	194	121	143
S13-1332	241	241	196	196	233	233	173	173	219	219	268	268	123	123	190	190	178	190	121	143
S13-1334	239	241	196	196	231	231	173	179	213	227	260	260	131	131	190	198	190	194	121	143
S13-1335	239	239	198	200	227	227	177	177	215	215	234	278	127	127	190	194	178	194	143	143
S13-1336	239	241	194	198	237	237	177	177	217	227	256	274	127	135	190	194	190	194	119	121
S13-1337	239	241	194	196	239	241	177	177	221	223	270	278	119	127	190	198	160	178	121	129
S13-1338	241	241	196	200	239	239	179	179	223	223	274	282	127	135	182	194	194	198	121	143
S13-1339	239	241	198	198	227	227	173	177	227	235	260	278	127	139	190	198	194	198	129	143
S13-1341	241	241	194	196	227	227	177	177	215	223	260	260	123	135	182	190	190	198	121	143
S13-1345	239	241	196	196	233	235	173	173	221	227	236	236	127	135	194	194	182	182	121	143
S13-1348	241	241	196	198	231	233	177	177	219	221	264	290	127	143	194	194	182	190	121	143
S13-1350	239	241	194	196	233	233	173	175	235	235	260	264	127	131	190	190	178	182	121	121
S13-1351	239	241	194	196	233	233	177	177	215	219	274	274	127	135	190	190	186	194	121	121
S13-1352	239	241	194	196	229	233	177	179	227	227	274	282	123	127	190	190	186	190	143	143
S13-1353	239	241	200	200	227	227	165	179	221	221	260	270	123	135	182	190	182	194	129	143
S13-1354	239	239	194	196	231	245	177	183	219	221	236	274	127	135	190	198	186	194	143	143
S13-1355	239	241	196	198	235	235	175	181	227	227	270	274	123	135	194	194	190	198	129	143
S13-1374	239	241	200	200	227	227	165	179	221	221	260	270	123	135	182	190	182	194	129	143
S13-1375	239	241	200	200	227	227	165	165	221	221	260	260	123	135	182	190	182	194	129	143
S13-1376	239	241	194	196	245	245	175	183	217	219	274	274	127	127	198	198	194	194	143	143
S13-1377	239	241	196	200	231	233	173	173	227	227	264	270	111	123	190	194	178	186	121	129
S13-1378	239	241	198	206	239	239	173	173	223	227	260	264	123	135	182	194	194	194	121	143
S13-1380	239	239	194	202	231	233	173	177	215	235	268	274	139	139	194	194	186	186	121	143
S13-1381	237	239	194	198	231	233	177	181	223	223	274	278	135	135	182	190	186	194	121	143
S13-1382	237	239	198	198	231	233	177	181	223	223	274	278	135	135	182	190	186	194	121	143
S13-1383	239	241	196	196	227	235	175	181	223	231	260	286	123	127	190	194	170	182	121	129
S13-1384	239	241	194	196	229	233	177	179	215	223	270	270	123	131	190	194	190	198	121	143
S13-1385	241	241	196	198	227	233	175	177	219	221	270	278	123	127	190	194	160	170	121	129
S13-1386	239	241	198	198	231	233	175	175	219	223	264	268	131	135	190	194	190	194	121	143
S13-1388	239	239	196	198	227	229	171	175	219	221	264	278	123	123	182	190	186	190	121	121
S13-1389	239	241	196	198	231	233	177	177	221	239	274	282	127	135	182	198	194	194	129	143
S13-1390	237	241	194	198	233	237	183	183	219	227	282	282	111	135	194	194	174	190	121	129
S13-1391	239	239	196	198	227	227	175	179	219	219	260	278	123	127	182	190	186	194	121	143
S13-1393	239	241	194	198	231	235	173	173	223	223	270	274	123	135	190	190	190	194	143	143
S13-1394	239	241	194	198	231	235	173	173	223	223	270	274	123	135	190	190	190	194	143	143
S13-1396	241	241	196	198	233	245	175	179	219	221	264	278	127	135	190	190	190	190	143	143
S13-1397	239	241	196	198	231	233	177	177	221	239	274	282	127	135	182	198	194	194	129	143
S13-1398	239	241	196	198	231	233	177	177	221	239	274	282	127	135	182	198	194	194	129	143
S13-1399	239	239	194	196	233	233	177	177	217	221	264	274	123	139	190	194	186	190	121	143
S13-1402	239	241	196	196	227	233	177	177	223	223	268	274	123	127	182	190	186	190	143	143
S13-1404	241	241	196	200	237	237	175	181	227	227	274	278	123	135	190	190	170	178	121	121
S13-1405	239	241	194	196	229	233	177	179	215	223	270	270	123	131	190	194	190	198	121	143
S13-1408	239	239	194	198	229	229	175	175	219	219	256	282	135	135	190	198	194	194	121	121
S13-1410	241	241	196	198	227	233	175	177	221	221	270	278	123	127	190	194	160	170	121	129
S13-1412	239	241	196	198	233	233	177	177	221	239	274	282	127	135	182	198	194	194	129	143
S13-1413	241	241	196	198	233	245	175	177	219	225	278	278	127	131	190	190	190	202	129	143
S13-1414	241	241	198	198	227	235	175	177	213	219	270	278	135	135	190	194	160	186	121	121
S13-1415	239	241	196	198	231	233	177	177	221	239	274	282	127	135	182	198	194	194	129	143
S13-1417	241	241	196	198	227	233	175	177	219	221	270	278	123	127	190	194	160	170	121	129
S13-1418	239	239	196	198	227	229	171	175	219	221	264	278	123	123	182	190	186	190	121	121
S13-1419	241	241	196	198	227	233	175	177	219	221	270	278	123	127	190	194	160	170	121	129
S13-1420	239	241	196	198	231	233	177	177	221	239	274	282	127	135	182	198	194	194	129	143
S13-1421	237	241	194	198	233	237	181	183	219	227	282	286	111	135	194	194	190	190	121	129
S13-1422	241	241	196	198	233	245	175	179	219	221	264	278	127	135	190	190	190	190	143	143
S13-1423	239	241	198	198	227	233	177	177	221	227	264	278	123	127	190	194	160	190	121	129
S13-1424	239	241	196	198	231	233	177	177	221	239	274	282	127	135	182	198	194	194	129	143
S13-1425	241	241	198	198	227	227	181	181	221	221	260	268	127	135	190	190	182	202	121	121
S13-1438	241	241	194	198	231	233	179	181	221	223	270	278	111	135	190	198	186	202	121	129
S13-1442	241	241	194	198	233	233	181	181	223	223	270	286	111	135	190	198	170	186	129	143
S13-1443	241	241	194	198	233	233	181	181	223	223	270	286	111	135	190	198	170	186	129	143
S13-1446	241	241	194	198	233	233	181	181	223	223	270	270	111	135	190	198	170	186	129	143
S13-1448	241	241	194	198	231	233	179	181	221	221	270	278	111	135	190	198	186	202	121	129
S13-1450	241	241	194	198	231	233	179	181	221	223	270	278	111	135	190	198	186	202	121	129
S13-1452	241	241	194	198	231	233	179	181	221	223	270	278	111	135	190	198	186	202	121	129
S13-1453	239	239	196	198	227	227	181	181	219	231	236	278	125	135	190	194	190	190	121	143
S13-1454	239	241	194	198	227	227	173	175	217	223	260	278	135	135	194	194	178	198	121	129
S13-1457	241	241	196	196	233	233	177	177	217	219	276	278	127	127	182	190	160	178	121	121
S13-1461	239	239	198	198	227	227	173	179	223	223	260	286	135	135	190	194	194	194	121	129
S13-1462	239	241	194	198	227	227	173	175	217	223	260	278	135	135	194	194	178	198	121	129
S13-1464	241	241	194	196	233	239	175	181	215	231	264	274	127	129	190	190	170	186	129	143
S13-1465	239	239	196	196	233	233	177	177	217	221	270	270	127	127	190	190	190	194	121	121
S13-1468	239	239	198	206	233	239	177	177	221	227	234	278	127	139	190	190	190	194	121	143
S13-1469	239	241	194	200	233	233	181	181	215	223	274	278	127	135	190	190	182	198	121	143
S13-1470	241	241	194	196	231	233	181	181	217	227	282	282	123	139	190	190	194	194	129	143
S13-1471	241	241	194	196	233	239	171	171	221	235	278	286	135	139	190	190	194	194	121	121
S13-1502	239	239	196	200	241	241	177	177	215	227	278	290	127	135	182	190	186	190	143	143
S13-1503	240	240	194	200	229	237	175	175	217	221	260	278	123	135	182	190	170	182	121	143
S13-1504	241	241	196	202	231	239	175	175	219	223	260	278	123	135	182	190	170	182	121	143
S13-1505	241	241	196	196	227	233	181	181	223	227	274	274	127	131	182	194	186	202	143	143
S13-1506	239	241	196	198	227	233	173	177	217	217	274	286	127	135	190	194	190	194	143	143
S13-1507	239	241	196	196	227	233	177	177	215	227	260	278	123	135	182	190	170	182	143	143
S13-1508	239	239	196	198	233	233	175	179	219	227	278	282	135	135	194	194	182	190	143	143
S13-1512	239	241	200	200	227	227	165	165	221	221	260	270	123	135	182	190	182	194	129	143
S13-1513	239	239	196	198	227	227	175	175	219	219	270	270	127	135	182	194	182	194	121	143
S13-1514	239	239	196	198	233	233	165	177	223	227	256	274	123	131	190	190	186	194	121	143
S13-1515	239	239	194	202	231	233	173	177	215	235	268	274	139	139	194	194	186	186	121	143
S13-1516	239	241	196	202	233	233	173	175	221	227	256	278	123	127	190	194	182	186	121	143
S13-1517	239	241	198	202	229	233	175	183	215	227	278	278	123	127	190	198	182	194	121	143
S13-1518	239	241	200	200	227	227	165	179	221	221	260	270	123	135	182	190	182	194	129	143
S13-1519	239	241	194	196	233	233	173	175	235	235	260	264	127	131	190	190	178	182	121	121
S13-1521	239	241	196	198	227	231	177	177	221	227	260	270	127	135	190	190	186	198	121	143
S13-1522	239	241	200	200	227	227	165	179	221	221	260	270	123	135	182	190	182	194	129	143
S13-1523	239	241	196	198	235	235	175	181	227	227	270	274	123	135	194	194	190	198	129	143
S13-1524	239	239	194	198	231	231	181	181	219	219	264	270	123	135	190	194	182	194	121	143
S13-1525	239	239	194	196	239	239	175	175	223	223	270	278	135	135	194	198	186	194	121	129
S13-1526	239	239	194	202	231	233	173	177	215	235	268	274	139	139	194	194	186	186	121	143
S13-1527	239	239	194	194	231	245	177	183	221	221	274	274	127	135	190	198	186	186	143	143
S13-1528	239	241	194	198	237	237	173	173	215	227	260	272	111	127	194	198	186	186	143	143
S13-1529	241	241	198	200	227	227	173	173	223	227	260	278	135	135	194	198	186	198	121	129
S13-1530	239	241	196	198	235	235	175	181	227	227	270	274	123	135	194	194	190	198	129	143
S13-1531	239	241	196	198	233	233	183	183	235	235	260	274	127	135	182	190	178	198	121	121
S13-1532	239	239	194	202	231	233	173	177	215	235	274	274	139	139	194	194	186	186	121	143
S13-1535	239	241	196	198	233	233	183	183	235	235	260	274	127	127	182	190	178	198	121	121
S13-1536	239	239	194	198	231	231	181	181	219	229	264	270	123	135	190	194	182	194	121	143
S13-1537	239	241	194	196	233	233	177	177	215	219	274	274	127	135	190	190	186	194	121	121
S13-1538	239	241	194	198	231	231	181	181	229	239	264	274	123	135	190	190	182	194	143	143
S13-1540	241	241	194	198	227	233	177	177	217	217	278	278	135	135	190	190	182	194	121	121
S13-1541	239	241	200	200	227	227	165	179	221	221	260	270	123	135	182	190	182	194	129	143
S13-1551	239	241	194	196	229	229	177	179	223	223	264	274	131	135	182	198	178	182	143	143
S13-1553	241	241	196	198	227	233	173	173	217	219	264	274	123	127	190	190	182	190	143	143
S13-1554	239	241	194	198	231	233	175	179	225	227	260	290	131	135	190	190	186	202	121	143
S13-1556	239	241	198	198	233	233	173	175	221	221	278	278	111	139	190	194	170	194	129	143
S13-1557	239	241	196	198	227	227	175	175	239	239	260	278	135	139	190	190	194	194	121	143
S13-1558	239	241	194	194	231	231	177	177	219	221	270	274	127	135	190	194	190	194	143	143
S13-1559	239	241	194	198	231	233	175	179	225	227	260	290	131	135	190	190	186	202	121	143
S13-1560	239	241	194	198	231	233	175	179	225	227	260	290	131	135	190	190	186	202	121	143
S13-1561	241	241	194	198	239	239	173	173	219	219	260	282	123	139	190	194	194	194	143	143
S13-1562	241	241	194	198	239	239	173	173	219	219	260	282	123	139	190	194	194	194	143	143
S13-1563	239	241	196	196	229	233	177	177	219	219	268	274	135	139	182	190	178	194	143	143
S13-1564	239	239	196	196	231	233	173	175	217	219	256	274	129	131	190	190	186	190	121	143
S13-1565	241	241	196	202	231	233	181	181	215	231	260	264	127	135	182	190	190	194	121	143
S13-1567	241	241	196	202	231	233	181	181	215	231	260	264	127	135	182	190	190	194	121	143
S13-1568	239	239	196	196	233	233	169	173	219	223	256	264	127	131	190	190	186	194	121	143
S13-1569	241	241	196	196	233	233	173	173	219	235	268	274	123	123	190	190	178	190	121	143
S13-1570	241	241	196	196	233	233	173	173	219	235	268	274	123	123	190	190	178	190	121	143
S13-1571	241	241	196	198	227	233	173	173	217	219	264	274	123	127	190	190	182	190	143	143
S13-1572	241	241	194	198	239	239	173	173	219	219	260	282	123	139	190	194	194	194	143	143
S13-1573	241	241	196	196	233	233	173	173	219	235	268	274	123	123	190	190	178	190	121	143
S13-1574	239	241	196	198	227	227	175	175	219	239	260	278	135	139	190	190	194	194	121	143
S13-1575	241	241	196	196	233	233	175	175	223	227	270	274	127	139	190	190	182	182	143	143
S13-1576	241	241	196	202	231	233	181	181	215	231	260	264	127	135	182	190	190	194	121	143
S13-1577	241	241	196	196	233	233	175	175	223	227	270	274	127	139	190	190	182	182	143	143
S13-1578	241	241	196	196	233	233	175	175	223	227	270	274	127	139	190	190	182	182	143	143
S13-1579	241	241	198	202	231	233	173	181	227	231	264	274	135	135	182	182	162	190	121	143
S13-1581	239	239	196	196	231	233	173	175	217	219	256	274	129	131	190	190	186	190	121	143
S13-1582	239	241	196	198	227	227	175	175	219	219	260	260	139	139	190	190	194	194	121	143
S13-1584	241	241	196	202	231	233	181	181	215	231	260	264	127	135	182	190	190	194	121	143
S13-1585	241	241	196	196	233	233	173	173	235	235	268	274	123	123	190	190	190	190	121	143
S13-1587	241	241	196	196	233	233	173	173	219	219	268	274	123	123	190	190	178	190	121	143
S13-1589	241	241	196	202	231	233	181	181	215	231	260	264	127	135	182	190	190	194	121	143
S13-1590	239	239	196	196	227	233	177	177	221	221	264	282	111	131	182	182	182	186	129	143
S13-1591	241	241	194	198	239	239	173	173	219	219	260	282	123	139	190	194	194	194	143	143
S13-1596	237	239	196	196	227	233	177	177	223	227	260	282	131	131	182	194	160	186	129	143
S13-1598	241	241	194	198	239	239	173	173	219	219	260	282	123	139	190	194	194	194	143	143
S13-1599	241	241	196	202	231	233	179	181	215	215	260	260	127	135	190	190	190	194	121	143
S13-1600	241	241	196	202	231	233	181	181	215	231	260	264	127	135	182	190	190	194	121	143
S13-1602	239	241	196	198	227	231	173	173	219	223	270	274	127	139	190	190	190	194	121	143
S13-1604	239	241	196	198	227	233	177	177	227	227	282	282	123	135	190	190	198	198	129	143
S13-1606	241	241	196	198	231	231	173	179	219	219	270	270	135	135	182	190	170	186	121	143
S13-1607	241	241	198	198	233	239	173	175	217	225	270	274	127	135	190	190	190	198	129	143
S13-1608	239	241	196	198	233	233	177	177	225	235	256	282	127	135	190	198	190	194	121	143
S13-1609	239	241	196	200	231	233	175	175	221	227	282	282	123	123	190	190	190	198	143	143
S13-1664	239	239	194	200	227	233	177	177	227	227	260	282	135	135	182	190	190	198	121	143
S13-1665	239	239	194	200	227	233	177	177	227	227	260	282	135	135	182	190	190	198	121	143
S13-1666	239	241	198	200	227	239	173	173	219	223	274	286	123	135	190	194	194	198	121	143
S13-1667	239	241	196	198	227	233	177	177	227	227	282	282	123	135	190	190	198	198	129	143
S13-1668	239	241	196	200	231	233	175	175	221	227	282	282	123	123	190	190	190	198	143	143
S13-1670	239	241	196	200	227	227	173	177	215	219	260	268	123	135	182	190	190	194	121	143
S13-1672	239	241	196	200	231	233	175	175	221	227	282	282	123	123	190	190	190	198	143	143
S13-1673	239	241	196	198	227	231	173	173	219	223	270	274	127	139	190	190	190	194	121	143
S13-1674	239	241	196	198	227	233	165	165	213	225	256	278	131	135	190	194	194	198	143	143
S13-1675	241	241	198	198	233	239	173	175	217	225	270	274	127	135	190	190	190	198	129	143
S13-1705	239	241	198	200	227	239	173	173	219	223	274	286	123	135	190	194	194	198	121	143
S13-1706	239	239	194	200	227	231	179	179	227	227	282	282	123	135	190	190	198	198	129	143
S13-1707	239	241	194	196	237	239	173	175	215	221	270	274	135	139	190	194	160	190	121	129
S13-1708	239	239	196	196	231	239	173	177	219	227	260	264	123	135	182	190	182	190	121	129
S13-1709	239	239	196	196	231	239	173	177	219	227	260	264	123	135	182	190	182	190	121	129
S13-1710	239	241	196	198	227	233	177	177	227	227	282	282	123	135	190	190	198	198	129	143
S13-1711	239	241	196	196	231	233	179	179	227	235	256	260	135	135	190	190	186	194	121	143
S13-1712	239	241	196	198	227	233	177	177	227	227	282	282	123	135	190	190	198	198	129	143
